time_s,laser,input_power_W,deposited_power_W,absorptivity
1.2e-07,laser0,200,47.09519193,0.2354759596
2.64e-07,laser0,200,47.09519193,0.2354759596
4.368e-07,laser0,200,47.09519193,0.2354759596
6.4416e-07,laser0,200,47.09519193,0.2354759596
8.92992e-07,laser0,200,47.09519193,0.2354759596
1.1915904e-06,laser0,200,47.09519193,0.2354759596
1.54990848e-06,laser0,200,47.09519193,0.2354759596
1.979890176e-06,laser0,200,47.09519193,0.2354759596
2.495868211e-06,laser0,200,47.09519193,0.2354759596
3.115041853e-06,laser0,200,47.09519193,0.2354759596
3.858050224e-06,laser0,200,47.09519193,0.2354759596
4.749660269e-06,laser0,200,47.09519193,0.2354759596
5.749660269e-06,laser0,200,47.09519193,0.2354759596
6.749660269e-06,laser0,200,47.09519193,0.2354759596
7.749660269e-06,laser0,200,47.09519193,0.2354759596
8.749660269e-06,laser0,200,47.09519193,0.2354759596
9.749660269e-06,laser0,200,47.09519193,0.2354759596
1.074966027e-05,laser0,200,47.09519193,0.2354759596
1.174966027e-05,laser0,200,47.09519193,0.2354759596
1.274966027e-05,laser0,200,47.09519193,0.2354759596
1.374966027e-05,laser0,200,47.09519193,0.2354759596
1.474966027e-05,laser0,200,47.09519193,0.2354759596
1.574966027e-05,laser0,200,47.09519193,0.2354759596
1.674966027e-05,laser0,200,47.09519193,0.2354759596
1.774966027e-05,laser0,200,47.09517018,0.2354758509
1.874966027e-05,laser0,200,47.09510827,0.2354755413
1.974966027e-05,laser0,200,47.09498965,0.2354749483
2.074966027e-05,laser0,200,47.09501571,0.2354750785
2.174966027e-05,laser0,200,47.09902409,0.2354951205
2.274966027e-05,laser0,200,47.14487981,0.2357243991
2.355221653e-05,laser0,200,47.26032811,0.2363016406
2.410298475e-05,laser0,200,47.50244484,0.2375122242
2.472266519e-05,laser0,200,47.81028816,0.2390514408
2.543994706e-05,laser0,200,63.54471963,0.3177235981
2.628394931e-05,laser0,200,63.47480951,0.3173740475
2.701697608e-05,laser0,200,64.47794415,0.3223897207
2.787219702e-05,laser0,200,64.90304242,0.3245152121
2.883258538e-05,laser0,200,47.71239352,0.2385619676
2.982397441e-05,laser0,200,47.44660275,0.2372330138
3.082397441e-05,laser0,200,48.60219046,0.2430109523
3.100848893e-05,laser0,200,51.6437392,0.258218696
3.122990635e-05,laser0,200,53.33941406,0.2666970703
3.14765551e-05,laser0,200,51.52786098,0.2576393049
3.165124549e-05,laser0,200,50.03698274,0.2501849137
3.181077537e-05,laser0,200,55.25832963,0.2762916481
3.1961548e-05,laser0,200,60.59723714,0.3029861857
3.210598773e-05,laser0,200,60.4278393,0.3021391965
3.224713816e-05,laser0,200,60.37228921,0.301861446
3.237841777e-05,laser0,200,69.76638149,0.3488319074
3.249345625e-05,laser0,200,81.00682117,0.4050341059
3.259810094e-05,laser0,200,72.2990494,0.361495247
3.269463082e-05,laser0,200,60.99195422,0.3049597711
3.278745164e-05,laser0,200,65.86962254,0.3293481127
3.287936128e-05,laser0,200,73.13912623,0.3656956312
3.297053614e-05,laser0,200,71.32079536,0.3566039768
3.306094733e-05,laser0,200,72.3447087,0.3617235435
3.314923457e-05,laser0,200,74.77685919,0.373884296
3.323260008e-05,laser0,200,72.7039603,0.3635198015
3.331303437e-05,laser0,200,72.8794056,0.364397028
3.339165233e-05,laser0,200,72.86641948,0.3643320974
3.347160299e-05,laser0,200,72.02604211,0.3601302106
3.355441367e-05,laser0,200,74.19107193,0.3709553597
3.364185878e-05,laser0,200,77.30988058,0.3865494029
3.37357637e-05,laser0,200,80.19086507,0.4009543254
3.383804931e-05,laser0,200,79.53621923,0.3976810961
3.395119655e-05,laser0,200,77.59548028,0.3879774014
3.407008176e-05,laser0,200,74.22231936,0.3711115968
3.419245724e-05,laser0,200,73.07514224,0.3653757112
3.432352175e-05,laser0,200,73.8276397,0.3691381985
3.446627093e-05,laser0,200,72.44364151,0.3622182075
3.4617829e-05,laser0,200,73.27288585,0.3663644293
3.474673301e-05,laser0,200,86.16253388,0.4308126694
3.487399428e-05,laser0,200,82.89098151,0.4144549076
3.500226324e-05,laser0,200,84.68842104,0.4234421052
3.513597551e-05,laser0,200,89.45791568,0.4472895784
3.527956913e-05,laser0,200,92.49104856,0.4624552428
3.541839708e-05,laser0,200,95.87583408,0.4793791704
3.555557847e-05,laser0,200,96.12143379,0.4806071689
3.570209348e-05,laser0,200,102.4360061,0.5121800307
3.585515733e-05,laser0,200,108.4125042,0.542062521
3.599838467e-05,laser0,200,87.77702199,0.43888511
3.61224643e-05,laser0,200,87.67561947,0.4383780973
3.624627027e-05,laser0,200,93.70962389,0.4685481194
3.63766534e-05,laser0,200,95.98755165,0.4799377583
3.652141426e-05,laser0,200,95.60662327,0.4780331164
3.668237052e-05,laser0,200,92.08795548,0.4604397774
3.685143048e-05,laser0,200,85.43506833,0.4271753416
3.701758405e-05,laser0,200,82.61602414,0.4130801207
3.718266414e-05,laser0,200,82.98123212,0.4149061606
3.735321199e-05,laser0,200,78.50291885,0.3925145943
3.750755001e-05,laser0,200,82.93957741,0.4146978871
3.767952468e-05,laser0,200,79.16826115,0.3958413058
3.781909324e-05,laser0,200,77.92113632,0.3896056816
3.795882714e-05,laser0,200,87.53113846,0.4376556923
3.809402286e-05,laser0,200,92.99199498,0.4649599749
3.82313221e-05,laser0,200,91.42896694,0.4571448347
3.838174224e-05,laser0,200,93.19963293,0.4659981646
3.854223192e-05,laser0,200,96.37738302,0.4818869151
3.869043039e-05,laser0,200,92.3937072,0.461968536
3.883838398e-05,laser0,200,92.99329932,0.4649664966
3.898723251e-05,laser0,200,93.53238255,0.4676619128
3.914204978e-05,laser0,200,95.96920134,0.4798460067
3.930731092e-05,laser0,200,90.43344011,0.4521672006
3.947767165e-05,laser0,200,93.07117382,0.4653558691
3.964742904e-05,laser0,200,95.88271173,0.4794135586
3.980994037e-05,laser0,200,93.23290328,0.4661645164
3.997212373e-05,laser0,200,92.70271065,0.4635135533
4.014509161e-05,laser0,200,91.76341047,0.4588170523
4.028103728e-05,laser0,200,95.41150395,0.4770575197
4.04162917e-05,laser0,200,94.26266865,0.4713133433
4.055888658e-05,laser0,200,102.1740622,0.510870311
4.070054625e-05,laser0,200,92.6475372,0.463237686
4.084140795e-05,laser0,200,91.67925239,0.4583962619
4.096946458e-05,laser0,200,82.85651277,0.4142825638
4.108537395e-05,laser0,200,86.53295747,0.4326647873
4.118597397e-05,laser0,200,84.99676675,0.4249838338
4.128144912e-05,laser0,200,90.51649694,0.4525824847
4.13736721e-05,laser0,200,87.41414777,0.4370707389
4.146287531e-05,laser0,200,90.97232385,0.4548616193
4.154611012e-05,laser0,200,86.22840749,0.4311420375
4.164012762e-05,laser0,200,86.32148533,0.4316074267
4.174666292e-05,laser0,200,89.24716022,0.4462358011
4.186462376e-05,laser0,200,85.04882272,0.4252441136
4.197050076e-05,laser0,200,84.6425485,0.4232127425
4.208928822e-05,laser0,200,87.9739147,0.4398695735
4.221762905e-05,laser0,200,86.85573904,0.4342786952
4.233229313e-05,laser0,200,91.24131444,0.4562065722
4.244004621e-05,laser0,200,91.13073742,0.4556536871
4.254433827e-05,laser0,200,97.92197414,0.4896098707
4.264646816e-05,laser0,200,97.20222025,0.4860111012
4.275428134e-05,laser0,200,99.9638933,0.4998194665
4.287116207e-05,laser0,200,97.66063078,0.4883031539
4.299958025e-05,laser0,200,97.51182758,0.4875591379
4.313040236e-05,laser0,200,100.3631005,0.5018155026
4.326106465e-05,laser0,200,108.006464,0.5400323202
4.33960354e-05,laser0,200,101.6362953,0.5081814764
4.35240356e-05,laser0,200,108.3360928,0.5416804641
4.364684233e-05,laser0,200,107.518801,0.5375940049
4.37643758e-05,laser0,200,106.304386,0.53152193
4.385967937e-05,laser0,200,110.6425735,0.5532128677
4.394031491e-05,laser0,200,108.3683472,0.541841736
4.401382605e-05,laser0,200,110.127623,0.5506381149
4.408487469e-05,laser0,200,108.930719,0.5446535952
4.41545585e-05,laser0,200,113.0925725,0.5654628626
4.422150611e-05,laser0,200,112.7725897,0.5638629485
4.428260497e-05,laser0,200,112.2583784,0.5612918921
4.43420902e-05,laser0,200,110.0787291,0.5503936455
4.44006769e-05,laser0,200,109.409586,0.5470479301
4.44556122e-05,laser0,200,107.7398782,0.5386993908
4.451091346e-05,laser0,200,112.1819208,0.560909604
4.456835039e-05,laser0,200,116.0043551,0.5800217755
4.462656921e-05,laser0,200,112.2334438,0.5611672188
4.468173225e-05,laser0,200,105.2703582,0.5263517911
4.473724892e-05,laser0,200,106.1864555,0.5309322775
4.479297228e-05,laser0,200,108.2133738,0.5410668688
4.484994371e-05,laser0,200,108.7564778,0.5437823888
4.490877081e-05,laser0,200,113.0557399,0.5652786997
4.497010969e-05,laser0,200,114.7538929,0.5737694643
4.503539353e-05,laser0,200,120.5429577,0.6027147883
4.510501427e-05,laser0,200,120.3985805,0.6019929024
4.517940284e-05,laser0,200,114.9672915,0.5748364574
4.525374114e-05,laser0,200,113.3738492,0.5668692459
4.532335302e-05,laser0,200,112.2627162,0.5613135809
4.538992874e-05,laser0,200,112.0591671,0.5602958355
4.54568194e-05,laser0,200,107.944326,0.53972163
4.552309382e-05,laser0,200,107.2748282,0.5363741411
4.558876696e-05,laser0,200,106.0141102,0.5300705511
4.565454972e-05,laser0,200,101.4023226,0.5070116129
4.572141253e-05,laser0,200,104.6530819,0.5232654096
4.578906287e-05,laser0,200,100.2430203,0.5012151015
4.585713775e-05,laser0,200,98.43621445,0.4921810722
4.592706104e-05,laser0,200,93.22461344,0.4661230672
4.600094731e-05,laser0,200,89.84835782,0.4492417891
4.607479278e-05,laser0,200,93.59564119,0.467978206
4.614913064e-05,laser0,200,94.32949733,0.4716474867
4.622405158e-05,laser0,200,96.87634507,0.4843817253
4.630008341e-05,laser0,200,105.5295112,0.5276475558
4.637696245e-05,laser0,200,111.041092,0.5552054599
4.645563684e-05,laser0,200,105.8466303,0.5292331514
4.653696526e-05,laser0,200,106.2983872,0.5314919358
4.661955742e-05,laser0,200,108.3439541,0.5417197704
4.670179705e-05,laser0,200,105.5196751,0.5275983756
4.678333057e-05,laser0,200,108.5695488,0.542847744
4.68655219e-05,laser0,200,107.4077439,0.5370387193
4.694886155e-05,laser0,200,108.0946993,0.5404734963
4.703191167e-05,laser0,200,106.8250434,0.5341252168
4.711590518e-05,laser0,200,104.9698402,0.5248492011
4.720070165e-05,laser0,200,105.4698854,0.527349427
4.72870491e-05,laser0,200,104.9245066,0.5246225328
4.73746875e-05,laser0,200,102.6497647,0.5132488233
4.746392077e-05,laser0,200,111.5675325,0.5578376623
4.755495867e-05,laser0,200,109.1004585,0.5455022927
4.764892893e-05,laser0,200,106.775216,0.5338760799
4.774840512e-05,laser0,200,103.0548756,0.5152743782
4.785584053e-05,laser0,200,102.7340007,0.5136700035
4.797208556e-05,laser0,200,101.2525972,0.5062629861
4.809179466e-05,laser0,200,101.1498319,0.5057491594
4.821545848e-05,laser0,200,102.0214081,0.5101070407
4.834490023e-05,laser0,200,101.9678286,0.5098391431
4.847796638e-05,laser0,200,100.1579957,0.5007899786
4.861387914e-05,laser0,200,101.1433553,0.5057167765
4.875749987e-05,laser0,200,101.1773118,0.5058865589
4.891381928e-05,laser0,200,103.5949267,0.5179746335
4.907400835e-05,laser0,200,103.8851023,0.5194255115
4.923013894e-05,laser0,200,103.1549205,0.5157746023
4.938359672e-05,laser0,200,95.77136946,0.4788568473
4.953579307e-05,laser0,200,98.73531572,0.4936765786
4.968848883e-05,laser0,200,96.23299721,0.4811649861
4.984317881e-05,laser0,200,102.2047867,0.5110239335
5.000670673e-05,laser0,200,104.7382212,0.5236911061
5.018924213e-05,laser0,200,100.2469686,0.5012348431
5.039214088e-05,laser0,200,107.3812947,0.5369064736
5.060387856e-05,laser0,200,108.2025719,0.5410128593
5.081715891e-05,laser0,200,110.4226838,0.5521134192
5.101024861e-05,laser0,200,106.5127156,0.5325635781
5.117295107e-05,laser0,200,109.1860927,0.5459304633
5.134545632e-05,laser0,200,108.4989553,0.5424947765
5.151783387e-05,laser0,200,108.4442717,0.5422213584
5.16971839e-05,laser0,200,114.9941112,0.574970556
5.187879792e-05,laser0,200,111.3379218,0.5566896088
5.207767971e-05,laser0,200,110.6361818,0.5531809092
5.229899701e-05,laser0,200,108.6705426,0.5433527129
5.253397707e-05,laser0,200,94.40994509,0.4720497254
5.273914225e-05,laser0,200,94.48314312,0.4724157156
5.296831227e-05,laser0,200,87.21644989,0.4360822494
5.322339673e-05,laser0,200,88.25023718,0.4412511859
5.34951028e-05,laser0,200,94.30755163,0.4715377581
5.373605278e-05,laser0,200,100.3539125,0.5017695626
5.387204175e-05,laser0,200,98.90275941,0.494513797
5.401759588e-05,laser0,200,98.53392421,0.4926696211
5.417938103e-05,laser0,200,97.81905655,0.4890952828
5.43132971e-05,laser0,200,95.95129748,0.4797564874
5.442752676e-05,laser0,200,108.3588744,0.5417943718
5.453481421e-05,laser0,200,105.4816648,0.5274083238
5.464558607e-05,laser0,200,103.5573825,0.5177869127
5.47540059e-05,laser0,200,101.8493663,0.5092468313
5.486152017e-05,laser0,200,99.35278754,0.4967639377
5.49721286e-05,laser0,200,104.3803124,0.521901562
5.508778624e-05,laser0,200,103.4556864,0.5172784318
5.521363947e-05,laser0,200,97.81430752,0.4890715376
5.530204972e-05,laser0,200,101.10077,0.5055038498
5.539351298e-05,laser0,200,98.17031806,0.4908515903
5.548739868e-05,laser0,200,102.7279996,0.513639998
5.558528676e-05,laser0,200,110.433971,0.5521698549
5.56912946e-05,laser0,200,109.2549529,0.5462747643
5.578549521e-05,laser0,200,104.4494828,0.522247414
5.587063276e-05,laser0,200,103.175469,0.5158773452
5.596532908e-05,laser0,200,99.04145168,0.4952072584
5.606249519e-05,laser0,200,98.00966074,0.4900483037
5.615554319e-05,laser0,200,100.628175,0.5031408752
5.624893936e-05,laser0,200,95.22206878,0.4761103439
5.634074486e-05,laser0,200,95.70515631,0.4785257815
5.643180311e-05,laser0,200,93.99598197,0.4699799098
5.652463356e-05,laser0,200,95.11030931,0.4755515465
5.662006836e-05,laser0,200,98.30905465,0.4915452733
5.671686585e-05,laser0,200,101.0542051,0.5052710255
5.681873052e-05,laser0,200,97.85112891,0.4892556445
5.692404855e-05,laser0,200,105.8143489,0.5290717447
5.703104007e-05,laser0,200,103.2617831,0.5163089155
5.713943691e-05,laser0,200,101.3816358,0.5069081792
5.724098445e-05,laser0,200,93.6021482,0.468010741
5.73421514e-05,laser0,200,98.47313761,0.4923656881
5.744577171e-05,laser0,200,98.53457235,0.4926728618
5.755267165e-05,laser0,200,103.7097382,0.5185486911
5.766043103e-05,laser0,200,105.7662126,0.5288310632
5.776323481e-05,laser0,200,107.3314044,0.5366570219
5.785984287e-05,laser0,200,112.321724,0.5616086201
5.795370072e-05,laser0,200,115.7798588,0.5788992941
5.804660352e-05,laser0,200,117.4116804,0.5870584018
5.813206386e-05,laser0,200,115.4288589,0.5771442943
5.821132461e-05,laser0,200,111.7826023,0.5589130114
5.828586595e-05,laser0,200,112.5894659,0.5629473293
5.835979844e-05,laser0,200,108.6945205,0.5434726026
5.84335956e-05,laser0,200,112.8563867,0.5642819336
5.850829281e-05,laser0,200,112.7545704,0.5637728522
5.858278873e-05,laser0,200,114.627598,0.5731379899
5.866014836e-05,laser0,200,113.3904195,0.5669520973
5.874626078e-05,laser0,200,108.951675,0.544758375
5.883837036e-05,laser0,200,105.7462707,0.5287313534
5.893568923e-05,laser0,200,103.0820059,0.5154100297
5.903282621e-05,laser0,200,101.5978941,0.5079894704
5.913402758e-05,laser0,200,101.377865,0.5068893252
5.923986961e-05,laser0,200,102.758579,0.5137928949
5.934994631e-05,laser0,200,105.5335358,0.5276676789
5.946043105e-05,laser0,200,113.2713273,0.5663566366
5.956877385e-05,laser0,200,117.4404201,0.5872021005
5.9671429e-05,laser0,200,110.9523818,0.5547619088
5.976598874e-05,laser0,200,107.0219244,0.5351096221
5.985441992e-05,laser0,200,110.3286947,0.5516434736
5.99372858e-05,laser0,200,112.8088935,0.5640444676
6.001350946e-05,laser0,200,116.5831874,0.582915937
6.008413505e-05,laser0,200,119.2453077,0.5962265387
6.014953976e-05,laser0,200,116.568094,0.5828404701
6.021226323e-05,laser0,200,119.6406812,0.5982034061
6.027389488e-05,laser0,200,123.1215409,0.6156077046
6.033507564e-05,laser0,200,124.1674301,0.6208371503
6.039522573e-05,laser0,200,124.9113193,0.6245565965
6.045510361e-05,laser0,200,126.9733053,0.6348665266
6.05146761e-05,laser0,200,125.2854002,0.6264270009
6.05741243e-05,laser0,200,127.7795142,0.6388975709
6.063447822e-05,laser0,200,122.4322728,0.6121613638
6.069499169e-05,laser0,200,121.6343765,0.6081718827
6.075611678e-05,laser0,200,123.8809295,0.6194046473
6.081772026e-05,laser0,200,118.9477983,0.5947389916
6.088058539e-05,laser0,200,115.2388039,0.5761940194
6.094443723e-05,laser0,200,115.4331486,0.5771657429
6.100932275e-05,laser0,200,113.639523,0.5681976148
6.107554976e-05,laser0,200,113.2067674,0.5660338368
6.11425042e-05,laser0,200,113.0685953,0.5653429767
6.120896978e-05,laser0,200,113.8422647,0.5692113235
6.127533262e-05,laser0,200,112.8486094,0.5642430469
6.13424256e-05,laser0,200,113.0942919,0.5654714596
6.141033904e-05,laser0,200,116.324357,0.5816217851
6.147912242e-05,laser0,200,115.1172638,0.5755863191
6.154975357e-05,laser0,200,116.2728053,0.5813640265
6.162325818e-05,laser0,200,115.5164338,0.5775821688
6.169908715e-05,laser0,200,112.716333,0.5635816648
6.177404582e-05,laser0,200,114.9212939,0.5746064693
6.184643921e-05,laser0,200,114.1522325,0.5707611627
6.191712871e-05,laser0,200,117.9006253,0.5895031264
6.198700275e-05,laser0,200,114.8186503,0.5740932517
6.205689171e-05,laser0,200,119.866392,0.5993319599
6.212719309e-05,laser0,200,119.7135774,0.5985678871
6.219885905e-05,laser0,200,120.1981892,0.6009909461
6.227228782e-05,laser0,200,119.7242385,0.5986211925
6.234648668e-05,laser0,200,120.7108017,0.6035540083
6.242241369e-05,laser0,200,119.5109092,0.5975545461
6.250026711e-05,laser0,200,111.0767263,0.5553836313
6.257942549e-05,laser0,200,114.3577028,0.5717885142
6.265830817e-05,laser0,200,115.0555889,0.5752779443
6.273870909e-05,laser0,200,114.2654279,0.5713271395
6.282063139e-05,laser0,200,113.1259297,0.5656296485
6.290466068e-05,laser0,200,105.0040661,0.5250203305
6.299167496e-05,laser0,200,106.8965276,0.534482638
6.308002923e-05,laser0,200,109.1800299,0.5459001497
6.316916691e-05,laser0,200,110.5009118,0.5525045589
6.326060443e-05,laser0,200,111.5427125,0.5577135625
6.33553535e-05,laser0,200,113.5086337,0.5675431683
6.345123681e-05,laser0,200,114.6104103,0.5730520516
6.35500022e-05,laser0,200,112.5392054,0.5626960272
6.365139575e-05,laser0,200,108.3562594,0.5417812968
6.37541417e-05,laser0,200,99.60170285,0.4980085143
6.385640509e-05,laser0,200,101.6889314,0.5084446571
6.396069226e-05,laser0,200,99.06579679,0.4953289839
6.40672673e-05,laser0,200,98.26885739,0.4913442869
6.41759547e-05,laser0,200,94.04763287,0.4702381644
6.428667895e-05,laser0,200,91.51912438,0.4575956219
6.439962241e-05,laser0,200,95.7622176,0.478811088
6.451604267e-05,laser0,200,98.50663598,0.4925331799
6.463713798e-05,laser0,200,96.27710257,0.4813855128
6.475902384e-05,laser0,200,99.07495247,0.4953747623
6.486710932e-05,laser0,200,93.27609501,0.466380475
6.497159478e-05,laser0,200,92.80254824,0.4640127412
6.507552859e-05,laser0,200,92.73267533,0.4636633767
6.518748238e-05,laser0,200,91.43883318,0.4571941659
6.529592447e-05,laser0,200,97.50721035,0.4875360518
6.540664403e-05,laser0,200,99.3506803,0.4967534015
6.551577964e-05,laser0,200,98.53395634,0.4926697817
6.562195313e-05,laser0,200,98.04682902,0.4902341451
6.573050496e-05,laser0,200,101.3719906,0.5068599531
6.584951069e-05,laser0,200,99.7902131,0.4989510655
6.597901869e-05,laser0,200,99.08415361,0.4954207681
6.611671326e-05,laser0,200,103.5706894,0.5178534472
6.62601892e-05,laser0,200,109.1822894,0.5459114469
6.640390171e-05,laser0,200,107.8273328,0.539136664
6.654965632e-05,laser0,200,106.7759437,0.5338797185
6.669777837e-05,laser0,200,113.2692587,0.5663462936
6.684579318e-05,laser0,200,114.4599942,0.5722999708
6.699991532e-05,laser0,200,116.4883062,0.5824415312
6.715759953e-05,laser0,200,118.7452651,0.5937263257
6.732813504e-05,laser0,200,124.6151422,0.6230757109
6.751507073e-05,laser0,200,119.9400635,0.5997003175
6.770054543e-05,laser0,200,118.0882925,0.5904414627
6.789353996e-05,laser0,200,120.9840302,0.6049201512
6.810696363e-05,laser0,200,123.8188028,0.6190940141
6.83377577e-05,laser0,200,129.2731228,0.6463656139
6.857081823e-05,laser0,200,128.2766939,0.6413834696
6.874831562e-05,laser0,200,121.5923802,0.6079619011
6.889128712e-05,laser0,200,119.0961006,0.5954805031
6.902570386e-05,laser0,200,119.538188,0.5976909402
6.916520778e-05,laser0,200,120.1757111,0.6008785554
6.932024458e-05,laser0,200,131.6958332,0.6584791661
6.949386548e-05,laser0,200,130.7624427,0.6538122134
6.965386317e-05,laser0,200,127.1002277,0.6355011386
6.978623019e-05,laser0,200,123.0902809,0.6154514046
6.990392611e-05,laser0,200,121.9425682,0.6097128412
7.001285463e-05,laser0,200,120.5852142,0.6029260709
7.011603365e-05,laser0,200,120.8183782,0.604091891
7.021480582e-05,laser0,200,115.1473691,0.5757368454
7.031015904e-05,laser0,200,112.2369999,0.5611849997
7.040243894e-05,laser0,200,114.2098902,0.5710494512
7.049201932e-05,laser0,200,114.7118812,0.5735594058
7.057924902e-05,laser0,200,115.2567117,0.5762835587
7.06643354e-05,laser0,200,114.2876703,0.5714383517
7.074768955e-05,laser0,200,113.9226258,0.5696131289
7.082963862e-05,laser0,200,114.18979,0.5709489501
7.091042669e-05,laser0,200,115.7311096,0.5786555481
7.099012747e-05,laser0,200,114.8623167,0.5743115835
7.106880498e-05,laser0,200,113.6478886,0.568239443
7.114664113e-05,laser0,200,116.7108985,0.5835544925
7.122357218e-05,laser0,200,116.9313583,0.5846567916
7.129964488e-05,laser0,200,118.045327,0.5902266349
7.13747994e-05,laser0,200,115.7331628,0.5786658141
7.144905971e-05,laser0,200,115.3414028,0.5767070138
7.152246252e-05,laser0,200,111.0281012,0.5551405058
7.159491486e-05,laser0,200,107.2233266,0.5361166332
7.166669746e-05,laser0,200,110.7201303,0.5536006515
7.173893156e-05,laser0,200,110.9739258,0.5548696291
7.181280023e-05,laser0,200,121.2644679,0.6063223397
7.188921665e-05,laser0,200,121.1850977,0.6059254884
7.196824709e-05,laser0,200,120.5193091,0.6025965456
7.204965149e-05,laser0,200,116.5669305,0.5828346524
7.213161881e-05,laser0,200,114.9733358,0.5748666788
7.220966944e-05,laser0,200,116.3724741,0.5818623706
7.228458057e-05,laser0,200,115.6647926,0.578323963
7.235694946e-05,laser0,200,119.9970203,0.5999851016
7.242740552e-05,laser0,200,124.7363736,0.6236818678
7.249657725e-05,laser0,200,126.9614618,0.634807309
7.256499608e-05,laser0,200,128.4892478,0.642446239
7.263339277e-05,laser0,200,123.311205,0.6165560252
7.270243286e-05,laser0,200,120.6144372,0.6030721859
7.277212334e-05,laser0,200,123.6531681,0.6182658407
7.284267595e-05,laser0,200,118.3855803,0.5919279014
7.291336017e-05,laser0,200,118.4468958,0.5922344788
7.298552904e-05,laser0,200,120.5314803,0.6026574013
7.306023068e-05,laser0,200,121.4126554,0.6070632768
7.313838594e-05,laser0,200,124.716367,0.6235818351
7.322077859e-05,laser0,200,127.4032254,0.6370161268
7.330792557e-05,laser0,200,122.2264094,0.6111320468
7.340017849e-05,laser0,200,120.0220802,0.600110401
7.349767583e-05,laser0,200,119.3931454,0.5969657272
7.360091731e-05,laser0,200,112.6185898,0.5630929488
7.370757002e-05,laser0,200,121.0040398,0.6050201989
7.381745584e-05,laser0,200,124.5094164,0.6225470818
7.393437662e-05,laser0,200,123.4384389,0.6171921944
7.404214095e-05,laser0,200,124.8348889,0.6241744446
7.414220112e-05,laser0,200,122.2999975,0.6114999874
7.42363497e-05,laser0,200,122.3909097,0.6119545483
7.43272634e-05,laser0,200,120.2933585,0.6014667924
7.442329322e-05,laser0,200,123.6851632,0.6184258161
7.452247398e-05,laser0,200,120.4801896,0.602400948
7.462438372e-05,laser0,200,122.2426361,0.6112131804
7.472977456e-05,laser0,200,112.9049704,0.564524852
7.484064008e-05,laser0,200,110.9854795,0.5549273977
7.495824251e-05,laser0,200,112.6647809,0.5633239044
7.507977316e-05,laser0,200,114.1815727,0.5709078633
7.520300333e-05,laser0,200,115.5178023,0.5775890113
7.532429742e-05,laser0,200,116.6294793,0.5831473965
7.544734209e-05,laser0,200,113.3759936,0.5668799682
7.557005661e-05,laser0,200,115.1219769,0.5756098843
7.56947086e-05,laser0,200,112.987601,0.5649380049
7.58230229e-05,laser0,200,112.0794443,0.5603972214
7.595426611e-05,laser0,200,112.9094014,0.5645470071
7.607111531e-05,laser0,200,112.1717566,0.5608587831
7.614603817e-05,laser0,200,116.8501657,0.5842508287
7.623075553e-05,laser0,200,121.1216842,0.6056084208
7.632609697e-05,laser0,200,121.9825685,0.6099128425
7.643224132e-05,laser0,200,127.455137,0.6372756849
7.65452523e-05,laser0,200,132.6598743,0.6632993714
7.665290523e-05,laser0,200,122.5020606,0.612510303
7.676401672e-05,laser0,200,125.6532651,0.6282663253
7.687427592e-05,laser0,200,121.4611537,0.6073057683
7.698465025e-05,laser0,200,122.66561,0.61332805
7.709455595e-05,laser0,200,123.2902748,0.6164513742
7.720403598e-05,laser0,200,126.3740885,0.6318704426
7.73148937e-05,laser0,200,127.7062097,0.6385310483
7.742216047e-05,laser0,200,127.159409,0.6357970451
7.75279825e-05,laser0,200,125.8401412,0.6292007058
7.763734516e-05,laser0,200,126.7865699,0.6339328495
7.774861583e-05,laser0,200,124.987833,0.624939165
7.786233082e-05,laser0,200,128.5436796,0.6427183978
7.797571366e-05,laser0,200,129.133854,0.6456692702
7.808670225e-05,laser0,200,129.2000673,0.6460003367
7.819690701e-05,laser0,200,129.9598933,0.6497994666
7.831032173e-05,laser0,200,132.4815899,0.6624079497
7.842511808e-05,laser0,200,133.1643002,0.665821501
7.853598779e-05,laser0,200,127.547253,0.637736265
7.864955914e-05,laser0,200,127.5513671,0.6377568354
7.876767711e-05,laser0,200,127.2247564,0.6361237818
7.889341733e-05,laser0,200,120.8253675,0.6041268377
7.902494108e-05,laser0,200,119.2024808,0.596012404
7.915152035e-05,laser0,200,120.9228824,0.6046144119
7.925728679e-05,laser0,200,120.1457548,0.6007287742
7.936050673e-05,laser0,200,114.5818832,0.5729094159
7.946687851e-05,laser0,200,106.4743941,0.5323719703
7.957377266e-05,laser0,200,112.0225103,0.5601125517
7.968528616e-05,laser0,200,115.3808171,0.5769040857
7.979536298e-05,laser0,200,114.7987245,0.5739936223
7.990524501e-05,laser0,200,114.6783371,0.5733916853
8.001704109e-05,laser0,200,114.3057067,0.5715285336
8.012635805e-05,laser0,200,118.1341019,0.5906705093
8.023413295e-05,laser0,200,117.7321696,0.588660848
8.034281196e-05,laser0,200,125.7815971,0.6289079857
8.045040619e-05,laser0,200,121.143032,0.6057151599
8.055803943e-05,laser0,200,124.5590601,0.6227953007
8.066325847e-05,laser0,200,122.9872466,0.6149362332
8.076870389e-05,laser0,200,117.7681205,0.5888406027
8.087598959e-05,laser0,200,122.0444475,0.6102222377
8.098416571e-05,laser0,200,119.3252445,0.5966262225
8.109084987e-05,laser0,200,117.0812522,0.5854062608
8.119657988e-05,laser0,200,120.9351148,0.6046755739
8.130052166e-05,laser0,200,122.1061361,0.6105306803
8.140380568e-05,laser0,200,122.0817582,0.6104087908
8.150942105e-05,laser0,200,121.0909039,0.6054545196
8.162209157e-05,laser0,200,122.7384462,0.6136922312
8.17379596e-05,laser0,200,121.2600792,0.6063003958
8.185389476e-05,laser0,200,118.0859055,0.5904295273
8.197092733e-05,laser0,200,117.5111801,0.5875559005
8.209269983e-05,laser0,200,115.5516973,0.5777584863
8.222230481e-05,laser0,200,115.1623496,0.5758117481
8.235878985e-05,laser0,200,118.0328536,0.5901642679
8.250304518e-05,laser0,200,117.296883,0.5864844149
8.265620502e-05,laser0,200,122.1796126,0.6108980632
8.276036724e-05,laser0,200,122.1881937,0.6109409684
8.286314948e-05,laser0,200,122.3348176,0.6116740879
8.297407579e-05,laser0,200,125.4568952,0.6272844758
8.308825864e-05,laser0,200,125.3221779,0.6266108894
8.320304692e-05,laser0,200,134.566366,0.6728318302
8.331941405e-05,laser0,200,136.7383896,0.6836919481
8.343451391e-05,laser0,200,135.7272821,0.6786364103
8.353759697e-05,laser0,200,134.6525425,0.6732627126
8.363576426e-05,laser0,200,132.9422985,0.6647114923
8.373102715e-05,laser0,200,138.5048225,0.6925241127
8.382259841e-05,laser0,200,138.2067754,0.6910338771
8.390939465e-05,laser0,200,136.2468955,0.6812344773
8.399713411e-05,laser0,200,138.6328167,0.6931640837
8.409081154e-05,laser0,200,129.8876095,0.6494380475
8.419173053e-05,laser0,200,123.4905173,0.6174525867
8.429542108e-05,laser0,200,124.502646,0.6225132302
8.43948864e-05,laser0,200,127.7747261,0.6388736307
8.449459669e-05,laser0,200,135.6039367,0.6780196833
8.459451104e-05,laser0,200,131.2937029,0.6564685143
8.469526864e-05,laser0,200,132.8078227,0.6640391136
8.479717947e-05,laser0,200,125.422748,0.6271137402
8.490038848e-05,laser0,200,120.5006302,0.602503151
8.500617394e-05,laser0,200,120.8789137,0.6043945684
8.511241262e-05,laser0,200,127.319334,0.6365966701
8.522042871e-05,laser0,200,121.0516855,0.6052584277
8.533016663e-05,laser0,200,123.1406199,0.6157030996
8.543976332e-05,laser0,200,123.9572091,0.6197860455
8.55493164e-05,laser0,200,123.2767795,0.6163838974
8.566055243e-05,laser0,200,126.7048815,0.6335244077
8.577328499e-05,laser0,200,119.7734298,0.5988671488
8.588380306e-05,laser0,200,126.3385993,0.6316929967
8.598935739e-05,laser0,200,124.4640257,0.6223201287
8.60925604e-05,laser0,200,127.1973392,0.6359866958
8.619619628e-05,laser0,200,133.4561304,0.667280652
8.630284085e-05,laser0,200,132.8355557,0.6641777784
8.642211519e-05,laser0,200,135.5086445,0.6775432227
8.655571086e-05,laser0,200,134.6188879,0.6730944396
8.667458428e-05,laser0,200,135.4737583,0.6773687914
8.678591972e-05,laser0,200,130.7414841,0.6537074206
8.689583547e-05,laser0,200,126.0311762,0.6301558812
8.700682588e-05,laser0,200,122.7671735,0.6138358677
8.711794109e-05,laser0,200,118.8903463,0.5944517313
8.722509944e-05,laser0,200,122.1563486,0.6107817432
8.732251048e-05,laser0,200,125.0617587,0.6253087934
8.741186082e-05,laser0,200,125.236103,0.626180515
8.74931134e-05,laser0,200,128.5500752,0.6427503758
8.757562645e-05,laser0,200,134.0725876,0.670362938
8.766061452e-05,laser0,200,133.6885311,0.6684426557
8.774663505e-05,laser0,200,131.7018689,0.6585093444
8.782844448e-05,laser0,200,126.3349522,0.631674761
8.790777986e-05,laser0,200,123.091053,0.6154552648
8.798605742e-05,laser0,200,124.6108154,0.6230540772
8.806414126e-05,laser0,200,122.6704244,0.6133521221
8.814279483e-05,laser0,200,123.5988941,0.6179944705
8.822252349e-05,laser0,200,123.5405701,0.6177028504
8.830363095e-05,laser0,200,128.4608885,0.6423044423
8.838571596e-05,laser0,200,126.6396297,0.6331981487
8.846859091e-05,laser0,200,127.4223366,0.6371116832
8.855236296e-05,laser0,200,122.076837,0.610384185
8.863762726e-05,laser0,200,121.4837427,0.6074187135
8.872488777e-05,laser0,200,124.3610838,0.621805419
8.881406039e-05,laser0,200,119.6256807,0.5981284035
8.890434012e-05,laser0,200,117.4659209,0.5873296047
8.899602605e-05,laser0,200,114.6887829,0.5734439147
8.909018587e-05,laser0,200,116.5550523,0.5827752616
8.918840038e-05,laser0,200,124.1572314,0.6207861572
8.928859896e-05,laser0,200,121.6788073,0.6083940364
8.939117201e-05,laser0,200,117.3451247,0.5867256236
8.949748762e-05,laser0,200,121.5031354,0.607515677
8.960499813e-05,laser0,200,118.5534489,0.5927672447
8.971095509e-05,laser0,200,120.5486037,0.6027430186
8.981574287e-05,laser0,200,119.0299788,0.5951498942
8.992169207e-05,laser0,200,125.3513436,0.6267567178
9.002845877e-05,laser0,200,120.1500779,0.6007503893
9.013457056e-05,laser0,200,117.1076746,0.585538373
9.023995373e-05,laser0,200,121.1605595,0.6058027975
9.034788845e-05,laser0,200,119.3719665,0.5968598325
9.045579719e-05,laser0,200,124.3177479,0.6215887397
9.056559098e-05,laser0,200,126.5302513,0.6326512566
9.067546655e-05,laser0,200,125.2966382,0.6264831912
9.077506598e-05,laser0,200,127.0796664,0.6353983318
9.086612512e-05,laser0,200,130.8665625,0.6543328123
9.095542051e-05,laser0,200,127.6305317,0.6381526584
9.104782514e-05,laser0,200,129.8184535,0.6490922676
9.114515245e-05,laser0,200,135.2402461,0.6762012303
9.12476793e-05,laser0,200,134.0227676,0.670113838
9.136200403e-05,laser0,200,132.8177711,0.6640888553
9.148105749e-05,laser0,200,133.1850676,0.6659253382
9.159830785e-05,laser0,200,134.2719059,0.6713595293
9.171425432e-05,laser0,200,130.4572977,0.6522864885
9.183007779e-05,laser0,200,132.9982797,0.6649913983
9.19477047e-05,laser0,200,129.9946188,0.649973094
9.206752476e-05,laser0,200,131.9173953,0.6595869766
9.218854638e-05,laser0,200,130.4880322,0.6524401612
9.231141063e-05,laser0,200,130.0054241,0.6500271205
9.243614523e-05,laser0,200,132.4615781,0.6623078905
9.256287613e-05,laser0,200,135.1231985,0.6756159924
9.268924588e-05,laser0,200,132.6016655,0.6630083276
9.280214167e-05,laser0,200,133.9021495,0.6695107474
9.290867082e-05,laser0,200,138.4613035,0.6923065175
9.301790791e-05,laser0,200,135.117671,0.6755883552
9.313225548e-05,laser0,200,138.7675705,0.6938378523
9.325603662e-05,laser0,200,142.5143082,0.712571541
9.338595398e-05,laser0,200,142.0134478,0.7100672392
9.351607993e-05,laser0,200,142.3714662,0.7118573312
9.364738271e-05,laser0,200,145.3909131,0.7269545657
9.378059484e-05,laser0,200,143.6735526,0.7183677632
9.391517843e-05,laser0,200,144.3419262,0.721709631
9.405201788e-05,laser0,200,144.0930214,0.7204651068
9.416477553e-05,laser0,200,138.0905455,0.6904527276
9.42636768e-05,laser0,200,138.016473,0.6900823652
9.435744003e-05,laser0,200,132.0437207,0.6602186036
9.445125966e-05,laser0,200,125.5440736,0.627720368
9.455279063e-05,laser0,200,129.3862855,0.6469314276
9.466620638e-05,laser0,200,124.0925224,0.620462612
9.479311216e-05,laser0,200,127.2998766,0.636499383
9.493540127e-05,laser0,200,127.9373328,0.6396866639
9.509366285e-05,laser0,200,124.3264984,0.6216324921
9.519707935e-05,laser0,200,134.0899576,0.6704497879
9.530022371e-05,laser0,200,134.0662017,0.6703310087
9.540303252e-05,laser0,200,132.2923584,0.661461792
9.550581973e-05,laser0,200,132.0593842,0.6602969211
9.560969888e-05,laser0,200,133.4938353,0.6674691767
9.571412801e-05,laser0,200,135.9957568,0.6799787841
9.582533125e-05,laser0,200,137.5559603,0.6877798015
9.593686755e-05,laser0,200,134.5717611,0.6728588053
9.604658954e-05,laser0,200,127.6192313,0.6380961565
9.616090193e-05,laser0,200,129.0415867,0.6452079334
9.627720511e-05,laser0,200,129.7433023,0.6487165114
9.639798988e-05,laser0,200,128.4134584,0.6420672921
9.651691595e-05,laser0,200,127.4820901,0.6374104505
9.662569398e-05,laser0,200,123.684264,0.6184213198
9.671369674e-05,laser0,200,124.3229456,0.6216147282
9.678849731e-05,laser0,200,125.3373632,0.6266868159
9.685763663e-05,laser0,200,123.3374174,0.6166870868
9.692618136e-05,laser0,200,125.6235604,0.6281178022
9.699589737e-05,laser0,200,127.6505399,0.6382526996
9.706695234e-05,laser0,200,130.0568529,0.6502842644
9.713998263e-05,laser0,200,125.9161022,0.6295805109
9.721618997e-05,laser0,200,125.3147794,0.6265738971
9.729555367e-05,laser0,200,131.5019451,0.6575097253
9.737805001e-05,laser0,200,131.5911831,0.6579559153
9.746524897e-05,laser0,200,127.5068292,0.637534146
9.75526655e-05,laser0,200,131.7734542,0.6588672712
9.763774437e-05,laser0,200,130.7692576,0.6538462879
9.772171202e-05,laser0,200,130.3672995,0.6518364976
9.78047042e-05,laser0,200,130.9700891,0.6548504456
9.788808024e-05,laser0,200,133.0843489,0.6654217446
9.79720695e-05,laser0,200,132.745309,0.6637265452
9.805625286e-05,laser0,200,125.3807945,0.6269039726
9.814090817e-05,laser0,200,123.5274112,0.6176370561
9.822595411e-05,laser0,200,122.4342527,0.6121712634
9.831272298e-05,laser0,200,120.7005252,0.6035026262
9.840125948e-05,laser0,200,122.5023627,0.6125118135
9.849036109e-05,laser0,200,118.8549877,0.5942749387
9.858037639e-05,laser0,200,122.49301,0.6124650499
9.867143584e-05,laser0,200,122.4038786,0.6120193928
9.876430538e-05,laser0,200,116.450492,0.5822524599
9.885840991e-05,laser0,200,113.8527043,0.5692635216
9.895414526e-05,laser0,200,117.1930696,0.5859653479
9.905269488e-05,laser0,200,129.5870624,0.6479353118
9.915527804e-05,laser0,200,116.7128121,0.5835640605
9.926205085e-05,laser0,200,115.0611884,0.5753059422
9.937156868e-05,laser0,200,117.0303704,0.5851518519
9.9486151e-05,laser0,200,113.984303,0.569921515
9.960428845e-05,laser0,200,115.0323441,0.5751617205
9.972260772e-05,laser0,200,118.4315466,0.5921577328
9.984187188e-05,laser0,200,116.6991608,0.583495804
9.996061104e-05,laser0,200,116.1858664,0.580929332
0.0001000779193,laser0,200,117.5316707,0.5876583534
0.0001001943241,laser0,200,122.057272,0.6102863602
0.000100307601,laser0,200,122.6697532,0.6133487659
0.0001004107809,laser0,200,126.1017297,0.6305086483
0.0001005066707,laser0,200,125.5339987,0.6276699934
0.0001005972799,laser0,200,127.4568481,0.6372842405
0.0001006844349,laser0,200,117.3786112,0.5868930562
0.0001007687176,laser0,200,118.7363183,0.5936815916
0.0001008525508,laser0,200,118.5345904,0.5926729518
0.0001009403366,laser0,200,115.2778107,0.5763890536
0.0001010278803,laser0,200,114.0314161,0.5701570803
0.0001011181848,laser0,200,113.6825925,0.5684129627
0.000101212168,laser0,200,115.0045487,0.5750227437
0.0001013099902,laser0,200,119.0589685,0.5952948426
0.0001014065501,laser0,200,119.6792075,0.5983960375
0.0001014984677,laser0,200,119.6193189,0.5980965945
0.0001015871061,laser0,200,124.789964,0.6239498201
0.0001016746995,laser0,200,130.2725282,0.6513626409
0.0001017644549,laser0,200,132.8615946,0.664307973
0.0001018576769,laser0,200,132.2443572,0.6612217862
0.0001019547124,laser0,200,127.1980512,0.635990256
0.0001020561203,laser0,200,126.7489589,0.6337447944
0.0001021573156,laser0,200,128.2966466,0.6414832331
0.0001022626904,laser0,200,127.7625981,0.6388129904
0.000102376711,laser0,200,123.73406,0.6186703001
0.0001024887528,laser0,200,127.6922989,0.6384614947
0.0001026002157,laser0,200,128.5894673,0.6429473364
0.0001027158383,laser0,200,126.0329516,0.630164758
0.0001028344119,laser0,200,132.119128,0.6605956399
0.0001029614595,laser0,200,133.6872518,0.6684362589
0.0001030954579,laser0,200,125.874034,0.62937017
0.0001032344615,laser0,200,124.6374857,0.6231874283
0.000103374428,laser0,200,120.8151315,0.6040756575
0.0001035160345,laser0,200,119.9557014,0.5997785071
0.0001036529922,laser0,200,118.5879509,0.5929397546
0.0001037792674,laser0,200,120.538606,0.6026930298
0.0001039066583,laser0,200,119.9503983,0.5997519914
0.0001040432735,laser0,200,117.1868109,0.5859340545
0.0001041738185,laser0,200,115.4586278,0.577293139
0.0001043006418,laser0,200,116.9574193,0.5847870963
0.0001044274353,laser0,200,120.8027288,0.6040136441
0.0001045524106,laser0,200,124.3409397,0.6217046985
0.000104676752,laser0,200,123.9757379,0.6198786897
0.0001047994018,laser0,200,125.7611313,0.6288056564
0.0001049258561,laser0,200,120.5252629,0.6026263143
0.0001050546604,laser0,200,122.4001739,0.6120008697
0.0001051863942,laser0,200,127.2217651,0.6361088253
0.0001053166598,laser0,200,125.9435908,0.6297179541
0.0001054389233,laser0,200,123.6371442,0.6181857211
0.0001055561928,laser0,200,121.5768796,0.6078843979
0.0001056682793,laser0,200,119.8407809,0.5992039046
0.0001057759429,laser0,200,121.3458725,0.6067293623
0.0001058803585,laser0,200,118.2170064,0.5910850319
0.0001059822114,laser0,200,113.639839,0.5681991948
0.0001060822721,laser0,200,117.9614595,0.5898072977
0.0001061812812,laser0,200,126.8251632,0.6341258158
0.0001062796607,laser0,200,126.0573572,0.630286786
0.0001063776324,laser0,200,123.9679414,0.6198397068
0.0001064751047,laser0,200,129.0228676,0.645114338
0.0001065721576,laser0,200,123.4925601,0.6174628003
0.0001066689027,laser0,200,120.2940725,0.6014703623
0.0001067654432,laser0,200,123.5193875,0.6175969373
0.0001068617589,laser0,200,123.2796966,0.6163984831
0.000106957716,laser0,200,125.5201432,0.6276007162
0.0001070531344,laser0,200,126.6553467,0.6332767336
0.0001071476191,laser0,200,122.8165706,0.614082853
0.0001072404925,laser0,200,126.8946982,0.634473491
0.0001073297924,laser0,200,124.1702054,0.620851027
0.0001074157742,laser0,200,124.2933241,0.6214666206
0.0001074986788,laser0,200,123.9607395,0.6198036973
0.0001075779669,laser0,200,121.2575387,0.6062876936
0.0001076533552,laser0,200,121.9795476,0.609897738
0.0001077249254,laser0,200,123.3590226,0.6167951131
0.0001077924722,laser0,200,123.1419856,0.6157099278
0.0001078578451,laser0,200,126.6402122,0.633201061
0.0001079230231,laser0,200,128.333445,0.6416672251
0.0001079890996,laser0,200,128.5851141,0.6429255707
0.0001080566336,laser0,200,126.5953691,0.6329768455
0.0001081253964,laser0,200,127.6380183,0.6381900914
0.000108194437,laser0,200,123.8442263,0.6192211317
0.0001082638384,laser0,200,118.5424659,0.5927123295
0.0001083336733,laser0,200,123.0235815,0.6151179073
0.000108404059,laser0,200,127.9542266,0.6397711329
0.0001084753827,laser0,200,123.8769357,0.6193846783
0.0001085488092,laser0,200,123.1214001,0.6156070007
0.0001086256718,laser0,200,125.4703712,0.6273518561
0.0001087045648,laser0,200,113.1014931,0.5655074654
0.0001087855819,laser0,200,112.0416086,0.5602080431
0.0001088688337,laser0,200,121.3825909,0.6069129543
0.0001089538231,laser0,200,122.9286647,0.6146433233
0.0001090393198,laser0,200,124.8457543,0.6242287714
0.0001091260367,laser0,200,130.11686,0.6505843002
0.0001092142488,laser0,200,127.385656,0.6369282799
0.0001093045451,laser0,200,125.947165,0.6297358248
0.0001093974629,laser0,200,126.6969383,0.6334846917
0.0001094933556,laser0,200,120.0877264,0.6004386322
0.0001095927406,laser0,200,125.25306,0.6262652998
0.0001096933022,laser0,200,124.3315805,0.6216579024
0.000109794773,laser0,200,123.1427734,0.615713867
0.0001098979215,laser0,200,126.0873661,0.6304368303
0.0001100036016,laser0,200,127.4418254,0.6372091268
0.0001101123345,laser0,200,127.9944639,0.6399723194
0.0001102245155,laser0,200,130.0021226,0.650010613
0.000110340142,laser0,200,123.6230136,0.6181150678
0.0001104577418,laser0,200,124.9443631,0.6247218154
0.000110577696,laser0,200,130.1336256,0.6506681281
0.0001107004759,laser0,200,127.7181415,0.6385907074
0.0001108271125,laser0,200,127.7694323,0.6388471613
0.0001109583339,laser0,200,126.7318998,0.6336594988
0.0001110946437,laser0,200,122.0263694,0.610131847
0.0001112366344,laser0,200,118.081808,0.5904090402
0.0001113770293,laser0,200,120.1758339,0.6008791696
0.0001115043833,laser0,200,115.8410923,0.5792054615
0.000111625575,laser0,200,113.2523688,0.5662618439
0.0001117417876,laser0,200,117.3251084,0.586625542
0.000111853049,laser0,200,117.7638299,0.5888191493
0.0001119610809,laser0,200,119.3632734,0.5968163671
0.0001120679221,laser0,200,117.87843,0.5893921498
0.0001121748889,laser0,200,121.0928235,0.6054641173
0.0001122811354,laser0,200,125.2193083,0.6260965417
0.0001123840784,laser0,200,132.7790248,0.6638951239
0.0001124853021,laser0,200,122.3446327,0.6117231636
0.0001125812318,laser0,200,120.2239829,0.6011199146
0.0001126686316,laser0,200,126.0069791,0.6300348955
0.0001127548694,laser0,200,126.2185307,0.6310926534
0.0001128412683,laser0,200,124.1454948,0.6207274738
0.0001129275747,laser0,200,123.3774093,0.6168870464
0.0001130154181,laser0,200,126.1262172,0.6306310861
0.0001131041153,laser0,200,122.879288,0.6143964399
0.0001131927797,laser0,200,123.1365614,0.6156828069
0.0001132813142,laser0,200,125.2275576,0.626137788
0.0001133715881,laser0,200,124.7409296,0.623704648
0.0001134621868,laser0,200,119.2035259,0.5960176297
0.0001135581463,laser0,200,119.8939943,0.5994699713
0.0001136604608,laser0,200,118.8659648,0.5943298242
0.0001137624394,laser0,200,118.6160952,0.5930804762
0.0001138584191,laser0,200,116.0126573,0.5800632864
0.0001139496347,laser0,200,116.2278883,0.5811394415
0.0001140368338,laser0,200,116.5074405,0.5825372025
0.0001141234358,laser0,200,116.6306349,0.5831531745
0.000114213843,laser0,200,117.5190152,0.587595076
0.0001143112013,laser0,200,119.430006,0.5971500302
0.0001144193569,laser0,200,125.9799547,0.6298997734
0.0001145386026,laser0,200,120.0675735,0.6003378673
0.0001146688744,laser0,200,118.2297014,0.5911485069
0.0001148099441,laser0,200,118.1714797,0.5908573985
0.0001149302107,laser0,200,118.1314919,0.5906574593
0.0001150648247,laser0,200,116.9949757,0.5849748787
0.0001151939914,laser0,200,112.2694137,0.5613470686
0.0001152733747,laser0,200,115.068121,0.5753406048
0.0001153518583,laser0,200,112.6474083,0.5632370416
0.0001154363112,laser0,200,114.1278146,0.570639073
0.0001155192216,laser0,200,116.4828589,0.5824142946
0.0001156055158,laser0,200,116.1677344,0.5808386721
0.0001156914419,laser0,200,110.6738081,0.5533690407
0.0001157883043,laser0,200,120.2765525,0.6013827624
0.0001158969883,laser0,200,119.7355144,0.5986775721
0.0001160132236,laser0,200,118.3832613,0.5919163066
0.0001161258824,laser0,200,119.0972519,0.5954862596
0.0001162405832,laser0,200,120.9669204,0.6048346022
0.0001163593152,laser0,200,128.1774626,0.6408873128
0.0001164743798,laser0,200,121.4519474,0.6072597372
0.0001165863779,laser0,200,127.4575456,0.6372877281
0.0001166889351,laser0,200,127.1031573,0.6355157863
0.0001167911276,laser0,200,125.7873193,0.6289365964
0.000116893967,laser0,200,124.5655114,0.622827557
0.0001169915313,laser0,200,125.8304043,0.6291520214
0.0001170844154,laser0,200,125.3952053,0.6269760263
0.000117173939,laser0,200,121.6819845,0.6084099223
0.0001172615449,laser0,200,122.8517676,0.6142588378
0.0001173478829,laser0,200,126.8195742,0.6340978708
0.0001174333934,laser0,200,126.1460379,0.6307301897
0.0001175182331,laser0,200,123.1965813,0.6159829064
0.0001176027516,laser0,200,125.6334182,0.6281670911
0.0001176882199,laser0,200,125.5348157,0.6276740783
0.0001177748977,laser0,200,129.3288106,0.6466440528
0.0001178632023,laser0,200,130.5126334,0.652563167
0.0001179522397,laser0,200,130.023236,0.6501161798
0.000118041997,laser0,200,129.0497239,0.6452486196
0.0001181301352,laser0,200,130.061538,0.6503076899
0.0001182139932,laser0,200,135.8490433,0.6792452164
0.0001182976121,laser0,200,133.7683252,0.6688416261
0.0001183804759,laser0,200,131.9454861,0.6597274307
0.0001184642355,laser0,200,127.9424938,0.6397124691
0.0001185455104,laser0,200,126.7932322,0.6339661612
0.0001186248649,laser0,200,126.893662,0.6344683099
0.0001187027872,laser0,200,126.1608402,0.6308042011
0.0001187813887,laser0,200,123.9717348,0.619858674
0.0001188597745,laser0,200,126.1498645,0.6307493225
0.0001189374781,laser0,200,117.7962994,0.5889814971
0.0001190154502,laser0,200,117.8074261,0.5890371306
0.0001190946683,laser0,200,122.101673,0.610508365
0.000119174226,laser0,200,124.7268342,0.6236341712
0.0001192538283,laser0,200,129.5244113,0.6476220563
0.0001193372407,laser0,200,128.0832429,0.6404162144
0.0001194250343,laser0,200,127.1797074,0.6358985371
0.0001195124392,laser0,200,130.910353,0.6545517648
0.0001196040512,laser0,200,130.7714817,0.6538574083
0.0001196999435,laser0,200,127.8291703,0.6391458516
0.000119795084,laser0,200,132.6434236,0.6632171179
0.000119885094,laser0,200,135.4519524,0.6772597621
0.0001199653033,laser0,200,136.6801322,0.6834006611
0.0001200364433,laser0,200,136.8419754,0.6842098772
0.0001201020772,laser0,200,139.6729177,0.6983645885
0.0001201627514,laser0,200,138.632434,0.69316217
0.0001202227811,laser0,200,138.3459867,0.6917299333
0.0001202842007,laser0,200,143.1742162,0.7158710812
0.00012034548,laser0,200,140.058494,0.7002924698
0.0001204053948,laser0,200,138.6683652,0.693341826
0.0001204640601,laser0,200,136.0152582,0.680076291
0.0001205211324,laser0,200,135.8722948,0.6793614739
0.0001205780179,laser0,200,137.7997291,0.6889986457
0.0001206351749,laser0,200,136.921504,0.6846075199
0.0001206933404,laser0,200,135.0804091,0.6754020454
0.0001207541608,laser0,200,136.0843003,0.6804215015
0.000120817033,laser0,200,130.940511,0.6547025552
0.0001208778513,laser0,200,132.2431292,0.6612156461
0.0001209375606,laser0,200,131.3640066,0.6568200328
0.0001209962542,laser0,200,130.0587018,0.6502935092
0.0001210546446,laser0,200,130.0462282,0.6502311411
0.0001211127605,laser0,200,134.4985002,0.6724925008
0.0001211708696,laser0,200,127.8734773,0.6393673866
0.0001212291091,laser0,200,124.3209578,0.6216047892
0.0001212878341,laser0,200,124.0843424,0.6204217122
0.000121347448,laser0,200,130.1001394,0.6505006972
0.0001214084104,laser0,200,131.0114455,0.6550572275
0.0001214699877,laser0,200,127.2640459,0.6363202293
0.0001215336211,laser0,200,121.7339924,0.608669962
0.0001215999703,laser0,200,121.7745554,0.6088727771
0.0001216704576,laser0,200,125.8097742,0.629048871
0.0001217446568,laser0,200,125.3777153,0.6268885764
0.0001218174037,laser0,200,123.0269894,0.615134947
0.0001218898939,laser0,200,125.6730115,0.6283650577
0.0001219633677,laser0,200,127.2157392,0.6360786961
0.0001220383072,laser0,200,129.3315615,0.6466578077
0.0001221145505,laser0,200,130.7422275,0.6537111377
0.0001221930365,laser0,200,130.9504321,0.6547521604
0.0001222745817,laser0,200,125.5661132,0.627830566
0.000122357177,laser0,200,124.9653184,0.6248265922
0.0001224409324,laser0,200,126.7658426,0.633829213
0.0001225259251,laser0,200,121.0606147,0.6053030737
0.0001226204316,laser0,200,123.4450324,0.6172251621
0.0001227214649,laser0,200,122.685024,0.6134251198
0.0001228268593,laser0,200,112.2742634,0.561371317
0.0001229321354,laser0,200,109.2077227,0.5460386134
0.0001230395695,laser0,200,108.3463501,0.5417317504
0.0001231484342,laser0,200,110.4887892,0.5524439458
0.0001232582806,laser0,200,115.0474658,0.575237329
0.0001233691218,laser0,200,114.8150814,0.574075407
0.0001234804802,laser0,200,111.9548053,0.5597740265
0.0001235952436,laser0,200,114.8096068,0.5740480341
0.0001237134311,laser0,200,117.7102532,0.5885512662
0.0001238316526,laser0,200,125.6264188,0.6281320942
0.0001239473361,laser0,200,123.3217869,0.6166089346
0.0001240618253,laser0,200,125.2301998,0.6261509988
0.0001241764448,laser0,200,126.1799914,0.6308999571
0.0001242920642,laser0,200,123.5365665,0.6176828324
0.0001244100439,laser0,200,114.3909373,0.5719546867
0.0001245313249,laser0,200,117.7423127,0.5887115637
0.0001246569462,laser0,200,115.9654361,0.5798271804
0.0001247886198,laser0,200,113.4249977,0.5671249886
0.0001249275716,laser0,200,123.1230524,0.6156152618
0.0001250727772,laser0,200,119.2718772,0.5963593859
0.000125225155,laser0,200,121.1315988,0.6056579942
0.0001253630503,laser0,200,124.3648712,0.6218243559
0.0001254960842,laser0,200,127.3358755,0.6366793776
0.0001256273554,laser0,200,123.0673537,0.6153367684
0.0001257599069,laser0,200,125.4090365,0.6270451825
0.0001258969548,laser0,200,130.5995541,0.6529977703
0.000126037368,laser0,200,122.5130764,0.6125653822
0.0001261925728,laser0,200,121.5968938,0.6079844692
0.0001263623082,laser0,200,131.4125366,0.6570626828
0.0001265387653,laser0,200,123.2762047,0.6163810236
0.0001267154694,laser0,200,126.1284146,0.6306420732
0.0001268929097,laser0,200,129.4639308,0.6473196539
0.0001270778525,laser0,200,122.3871055,0.6119355277
0.0001272482721,laser0,200,126.8156906,0.6340784532
0.0001274007814,laser0,200,126.5030565,0.6325152827
0.0001275594545,laser0,200,126.4879576,0.6324397879
0.0001277294559,laser0,200,128.9692943,0.6448464717
0.0001278573876,laser0,200,124.4549937,0.6222749684
0.0001279751126,laser0,200,127.3260468,0.6366302339
0.0001280928927,laser0,200,127.7812057,0.6389060287
0.0001282173577,laser0,200,122.6491392,0.6132456959
0.0001283519734,laser0,200,127.1796524,0.6358982622
0.0001284856807,laser0,200,124.4385235,0.6221926174
0.0001286082354,laser0,200,128.5786346,0.642893173
0.0001287069045,laser0,200,128.4493283,0.6422466413
0.0001288122497,laser0,200,125.1960408,0.6259802042
0.0001289267766,laser0,200,113.043653,0.5652182651
0.0001290527435,laser0,200,116.0643603,0.5803218014
0.0001291869147,laser0,200,113.588511,0.567942555
0.0001293329418,laser0,200,118.8127286,0.5940636432
0.0001294834317,laser0,200,127.0837143,0.6354185715
0.0001296136139,laser0,200,122.0930872,0.6104654362
0.0001297266415,laser0,200,119.0456314,0.5952281572
0.0001298455719,laser0,200,120.8738257,0.6043691284
0.000129948663,laser0,200,123.6900712,0.6184503561
0.000130045903,laser0,200,132.0071913,0.6600359566
0.0001301336392,laser0,200,135.2138625,0.6760693123
0.0001302198131,laser0,200,138.1804403,0.6909022015
0.0001303058338,laser0,200,130.0238142,0.650119071
0.0001303929315,laser0,200,127.4312536,0.637156268
0.0001304784757,laser0,200,130.5349532,0.6526747661
0.0001305666541,laser0,200,126.9990637,0.6349953185
0.0001306512745,laser0,200,123.7568502,0.618784251
0.0001307280922,laser0,200,122.4752887,0.6123764437
0.0001307962202,laser0,200,121.828408,0.60914204
0.0001308634011,laser0,200,124.1995619,0.6209978097
0.0001309334306,laser0,200,121.2814028,0.606407014
0.0001310090479,laser0,200,117.7816559,0.5889082794
0.0001310929733,laser0,200,118.5007656,0.592503828
0.0001311730229,laser0,200,114.4458556,0.5722292781
0.0001312499778,laser0,200,115.6935912,0.578467956
0.0001313225223,laser0,200,112.3112485,0.5615562425
0.0001313933957,laser0,200,111.5073809,0.5575369043
0.0001314608773,laser0,200,112.1099827,0.5605499133
0.0001315257781,laser0,200,112.7688482,0.5638442412
0.000131589051,laser0,200,110.2665542,0.551332771
0.0001316519172,laser0,200,115.6783498,0.5783917492
0.0001317146957,laser0,200,114.6720821,0.5733604105
0.0001317783085,laser0,200,113.5206583,0.5676032914
0.00013184186,laser0,200,112.698256,0.5634912802
0.000131906614,laser0,200,112.8398942,0.5641994709
0.0001319724897,laser0,200,109.7305893,0.5486529465
0.0001320409048,laser0,200,116.5468976,0.5827344881
0.0001321092312,laser0,200,115.0353296,0.575176648
0.0001321779998,laser0,200,118.9638646,0.5948193231
0.000132248411,laser0,200,120.2754014,0.6013770071
0.0001323213052,laser0,200,120.6622626,0.603311313
0.0001323964614,laser0,200,118.210314,0.5910515701
0.0001324749671,laser0,200,117.7086379,0.5885431896
0.0001325563942,laser0,200,121.2893174,0.6064465868
0.0001326364399,laser0,200,122.0513854,0.6102569269
0.0001327132051,laser0,200,121.1770265,0.6058851324
0.0001327872647,laser0,200,118.6901582,0.593450791
0.0001328589941,laser0,200,113.5250271,0.5676251355
0.0001329280722,laser0,200,118.4200735,0.5921003673
0.0001329943648,laser0,200,118.9531263,0.5947656317
0.0001330578053,laser0,200,120.8495585,0.6042477925
0.0001331186522,laser0,200,123.4657001,0.6173285005
0.0001331772618,laser0,200,129.2256646,0.646128323
0.0001332335023,laser0,200,120.7871315,0.6039356574
0.0001332878403,laser0,200,123.3540427,0.6167702137
0.0001333413309,laser0,200,120.8530392,0.6042651959
0.0001333949066,laser0,200,118.4591099,0.5922955496
0.0001334493805,laser0,200,122.5639834,0.612819917
0.0001335055444,laser0,200,123.1758783,0.6158793916
0.0001335629312,laser0,200,118.3124654,0.5915623269
0.000133621521,laser0,200,121.6443788,0.6082218942
0.0001336814853,laser0,200,120.9888289,0.6049441444
0.0001337437218,laser0,200,123.9991058,0.6199955292
0.0001338088757,laser0,200,130.2623336,0.6513116681
0.0001338777183,laser0,200,124.2058376,0.6210291878
0.0001339512024,laser0,200,122.4152559,0.6120762797
0.0001340285902,laser0,200,123.4495805,0.6172479027
0.0001341067608,laser0,200,125.9622121,0.6298110604
0.0001341865911,laser0,200,123.322554,0.6166127702
0.0001342694717,laser0,200,115.8481641,0.5792408203
0.0001343567114,laser0,200,117.3223001,0.5866115007
0.0001344495494,laser0,200,116.1114334,0.5805571672
0.0001345457208,laser0,200,116.3617066,0.5818085328
0.0001346454905,laser0,200,114.1197589,0.5705987943
0.0001347472936,laser0,200,113.2048291,0.5660241455
0.0001348486833,laser0,200,114.0873342,0.5704366711
0.0001349513667,laser0,200,111.232631,0.5561631551
0.0001350561983,laser0,200,111.0716069,0.5553580345
0.000135163727,laser0,200,111.8819781,0.5594098905
0.0001352749543,laser0,200,114.0218989,0.5701094945
0.0001353907324,laser0,200,115.1651879,0.5758259394
0.000135511731,laser0,200,113.0261617,0.5651308084
0.0001356386229,laser0,200,111.5004588,0.5575022938
0.0001357718782,laser0,200,112.8285171,0.5641425855
0.0001359118341,laser0,200,116.832509,0.5841625448
0.0001360590971,laser0,200,114.8882744,0.5744413722
0.0001362120907,laser0,200,125.6797265,0.6283986327
0.0001363726539,laser0,200,118.7535828,0.5937679138
0.0001364773353,laser0,200,126.1708146,0.630854073
0.0001365905993,laser0,200,123.3272307,0.6166361535
0.000136713131,laser0,200,120.7779006,0.603889503
0.0001368445555,laser0,200,124.926359,0.6246317948
0.000136987266,laser0,200,125.2935534,0.6264677671
0.0001371421982,laser0,200,125.7344037,0.6286720183
0.0001373033157,laser0,200,122.2128945,0.6110644726
0.0001374542575,laser0,200,122.5034579,0.6125172893
0.0001375951283,laser0,200,129.0479103,0.6452395517
0.000137728862,laser0,200,121.2644129,0.6063220645
0.0001378628042,laser0,200,128.2087826,0.6410439128
0.0001379847308,laser0,200,134.060831,0.6703041549
0.0001380954928,laser0,200,129.8717831,0.6493589155
0.0001382074919,laser0,200,126.4654276,0.6323271379
0.0001383310341,laser0,200,127.4385986,0.637192993
0.0001384600816,laser0,200,134.3106887,0.6715534434
0.0001385925228,laser0,200,128.0926926,0.6404634632
0.0001387312455,laser0,200,134.2656331,0.6713281653
0.0001388760457,laser0,200,129.8863527,0.6494317634
0.0001390259534,laser0,200,130.280956,0.6514047799
0.0001391820332,laser0,200,132.4085975,0.6620429876
0.000139342916,laser0,200,128.6494736,0.6432473682
0.000139491257,laser0,200,130.6225616,0.6531128078
0.0001396292167,laser0,200,132.8157135,0.6640785675
0.0001397608412,laser0,200,127.0132176,0.6350660879
0.0001398900445,laser0,200,124.2771479,0.6213857394
0.0001400203859,laser0,200,129.1024703,0.6455123514
0.0001401518023,laser0,200,130.7193258,0.6535966291
0.0001402840808,laser0,200,128.8338858,0.6441694288
0.0001404176573,laser0,200,135.9893557,0.6799467784
0.0001405517617,laser0,200,127.6237965,0.6381189825
0.0001406853143,laser0,200,134.1998094,0.6709990472
0.0001408161029,laser0,200,130.213569,0.651067845
0.0001409292749,laser0,200,133.3441028,0.6667205139
0.0001410244968,laser0,200,131.9572497,0.6597862486
0.0001411183955,laser0,200,131.1159756,0.6555798779
0.0001412046505,laser0,200,127.283843,0.636419215
0.0001412854933,laser0,200,123.3361948,0.6166809738
0.0001413621939,laser0,200,131.7240567,0.6586202836
0.0001414354672,laser0,200,127.9730479,0.6398652394
0.000141505913,laser0,200,123.7776854,0.6188884269
0.0001415746107,laser0,200,130.5976292,0.6529881462
0.0001416425176,laser0,200,128.6303421,0.6431517103
0.0001417100193,laser0,200,122.7363893,0.6136819463
0.0001417775164,laser0,200,122.7674454,0.6138372271
0.0001418456716,laser0,200,124.9788979,0.6248944893
0.0001419148925,laser0,200,130.5441301,0.6527206506
0.0001419857175,laser0,200,127.560944,0.6378047202
0.0001420582808,laser0,200,124.6710911,0.6233554556
0.0001421322045,laser0,200,122.1761468,0.6108807341
0.0001422050701,laser0,200,117.6227046,0.5881135231
0.0001422775673,laser0,200,114.7111305,0.5735556527
0.0001423501832,laser0,200,116.1047944,0.5805239721
0.000142423574,laser0,200,118.0147926,0.5900739631
0.0001424978748,laser0,200,115.5272779,0.5776363893
0.0001425736599,laser0,200,117.4629288,0.5873146438
0.0001426487979,laser0,200,117.9779133,0.5898895664
0.0001427215181,laser0,200,124.4582408,0.6222912042
0.0001427934882,laser0,200,123.2848637,0.6164243184
0.0001428665365,laser0,200,123.5199401,0.6175997004
0.0001429419864,laser0,200,119.7443084,0.5987215421
0.0001430211095,laser0,200,128.5743321,0.6428716603
0.0001431036228,laser0,200,134.2761941,0.6713809707
0.0001431895149,laser0,200,133.2680204,0.6663401018
0.0001432783558,laser0,200,135.0979307,0.6754896535
0.0001433700378,laser0,200,134.2419879,0.6712099396
0.0001434643893,laser0,200,132.7590162,0.6637950811
0.0001435614338,laser0,200,130.236804,0.6511840199
0.0001436615147,laser0,200,128.0493509,0.6402467546
0.0001437647118,laser0,200,127.2379404,0.6361897019
0.0001438711959,laser0,200,131.6856123,0.6584280617
0.0001439811541,laser0,200,125.7929009,0.6289645045
0.0001440957416,laser0,200,123.3056649,0.6165283244
0.0001442086955,laser0,200,125.6572892,0.6282864462
0.0001443154315,laser0,200,128.4249279,0.6421246397
0.0001444232792,laser0,200,133.0087015,0.6650435073
0.0001445372984,laser0,200,128.7354357,0.6436771787
0.0001446608049,laser0,200,129.4081313,0.6470406567
0.0001447821445,laser0,200,134.5313547,0.6726567734
0.0001449055316,laser0,200,131.7192768,0.6585963842
0.000145028165,laser0,200,130.4832791,0.6524163953
0.0001451550816,laser0,200,128.6017047,0.6430085233
0.0001452905151,laser0,200,121.4516664,0.6072583322
0.0001454387066,laser0,200,122.9001943,0.6145009716
0.0001455562538,laser0,200,128.3463847,0.6417319234
0.0001456817302,laser0,200,130.5073826,0.6525369129
0.0001458106459,laser0,200,127.5168055,0.6375840276
0.0001459415285,laser0,200,117.9655211,0.5898276053
0.0001460717578,laser0,200,117.5047745,0.5875238726
0.000146211784,laser0,200,117.9444565,0.5897222826
0.000146368014,laser0,200,117.0881805,0.5854409025
0.0001465396206,laser0,200,115.4443415,0.5772217075
0.0001467218198,laser0,200,119.2089754,0.5960448772
0.0001469089741,laser0,200,122.3213099,0.6116065496
0.0001470806966,laser0,200,118.9479031,0.5947395153
0.0001472572075,laser0,200,118.6112934,0.5930564671
0.0001474467042,laser0,200,126.3544205,0.6317721026
0.0001476269429,laser0,200,129.8646087,0.6493230434
0.0001477758015,laser0,200,123.0812701,0.6154063506
0.0001479048166,laser0,200,126.3813835,0.6319069176
0.0001480224804,laser0,200,127.1996714,0.6359983572
0.0001481313959,laser0,200,120.03911,0.6001955502
0.0001482331828,laser0,200,122.0472536,0.6102362681
0.0001483273251,laser0,200,115.6791617,0.5783958083
0.0001484161356,laser0,200,118.2631492,0.5913157461
0.0001485045178,laser0,200,117.7584565,0.5887922824
0.0001485935848,laser0,200,117.4645697,0.5873228487
0.0001486845649,laser0,200,115.33591,0.5766795499
0.0001487793962,laser0,200,110.846054,0.5542302701
0.0001488761778,laser0,200,108.4729069,0.5423645345
0.0001489690894,laser0,200,106.1532613,0.5307663065
0.0001490604502,laser0,200,110.3927535,0.5519637677
0.0001491506953,laser0,200,109.220989,0.546104945
0.0001492407509,laser0,200,113.5950892,0.567975446
0.0001493325907,laser0,200,110.8995709,0.5544978544
0.0001494267049,laser0,200,117.2374565,0.5861872823
0.0001495234789,laser0,200,117.1416338,0.5857081691
0.0001496249845,laser0,200,117.8979518,0.5894897591
0.0001497330076,laser0,200,121.992272,0.60996136
0.0001498492858,laser0,200,122.8719751,0.6143598756
0.000149970965,laser0,200,123.4580345,0.6172901726
0.0001501016529,laser0,200,124.6636174,0.623318087
0.0001502073234,laser0,200,124.9658172,0.6248290859
0.0001503094538,laser0,200,119.5859886,0.597929943
0.0001504196787,laser0,200,115.8842728,0.5794213641
0.0001505361104,laser0,200,124.3156721,0.6215783607
0.0001506577166,laser0,200,126.1217665,0.6306088326
0.0001507819379,laser0,200,132.5490625,0.6627453124
0.0001509086442,laser0,200,132.5834915,0.6629174573
0.0001510360998,laser0,200,125.3817038,0.6269085192
0.0001511638756,laser0,200,127.5361187,0.6376805933
0.0001512902487,laser0,200,120.7308959,0.6036544797
0.0001514162417,laser0,200,120.9297745,0.6046488724
0.0001515442589,laser0,200,121.8809346,0.6094046731
0.0001516508497,laser0,200,126.1926731,0.6309633653
0.0001517288442,laser0,200,124.8204847,0.6241024234
0.0001518173256,laser0,200,117.7668539,0.5888342696
0.0001519177078,laser0,200,117.7335117,0.5886675583
0.0001520307424,laser0,200,116.8272008,0.5841360039
0.0001521527724,laser0,200,109.8746968,0.5493734842
0.0001522765315,laser0,200,116.0693893,0.5803469467
0.0001523985817,laser0,200,115.6544599,0.5782722997
0.0001524961852,laser0,200,120.8177556,0.604088778
0.0001525803158,laser0,200,121.6007833,0.6080039164
0.0001526565326,laser0,200,119.4563802,0.5972819009
0.0001527269681,laser0,200,117.4821036,0.5874105178
0.0001527933498,laser0,200,113.934498,0.5696724902
0.000152856361,laser0,200,117.8982521,0.5894912605
0.0001529167509,laser0,200,122.0327609,0.6101638045
0.0001529748803,laser0,200,125.6457305,0.6282286526
0.0001530312772,laser0,200,131.0909563,0.6554547815
0.0001530859897,laser0,200,129.1173009,0.6455865046
0.0001531393067,laser0,200,119.7387152,0.598693576
0.0001531913026,laser0,200,122.3573778,0.6117868891
0.0001532422018,laser0,200,123.6437745,0.6182188726
0.000153292,laser0,200,121.7765212,0.6088826061
0.0001533408585,laser0,200,119.3531707,0.5967658536
0.0001533883611,laser0,200,127.8664245,0.6393321226
0.0001534348728,laser0,200,132.457859,0.6622892949
0.0001534805361,laser0,200,130.4133649,0.6520668246
0.0001535254843,laser0,200,128.4813007,0.6424065033
0.0001535696616,laser0,200,125.7962544,0.6289812719
0.000153613359,laser0,200,125.3989703,0.6269948516
0.0001536566777,laser0,200,127.9628448,0.6398142241
0.0001536998165,laser0,200,123.9278259,0.6196391297
0.0001537430158,laser0,200,125.0810706,0.6254053528
0.0001537864368,laser0,200,125.9935603,0.6299678013
0.0001538301639,laser0,200,126.7848303,0.6339241513
0.0001538742466,laser0,200,127.8602347,0.6393011737
0.0001539186879,laser0,200,129.1487607,0.6457438037
0.0001539635152,laser0,200,126.7116929,0.6335584646
0.0001540085936,laser0,200,123.5341163,0.6176705814
0.000154051983,laser0,200,124.7802041,0.6239010206
0.000154093126,laser0,200,127.495971,0.6374798551
0.000154132953,laser0,200,127.7521106,0.6387605528
0.0001541720687,laser0,200,126.2654358,0.6313271789
0.0001542109332,laser0,200,127.2072323,0.6360361615
0.0001542499595,laser0,200,123.9741004,0.619870502
0.0001542894294,laser0,200,125.7030792,0.628515396
0.0001543296447,laser0,200,124.3389972,0.621694986
0.0001543708667,laser0,200,129.0597478,0.6452987388
0.0001544132922,laser0,200,132.3730174,0.6618650869
0.0001544571742,laser0,200,130.3741828,0.6518709138
0.0001545018497,laser0,200,128.215037,0.6410751852
0.0001545475543,laser0,200,124.2154344,0.6210771718
0.000154594552,laser0,200,125.9815679,0.6299078396
0.0001546432064,laser0,200,128.5518635,0.6427593174
0.0001546938723,laser0,200,124.8323267,0.6241616333
0.0001547446577,laser0,200,122.5316661,0.6126583303
0.0001547956958,laser0,200,123.6883126,0.618441563
0.000154845231,laser0,200,119.6098598,0.5980492989
0.0001548943576,laser0,200,121.3817525,0.6069087625
0.0001549434928,laser0,200,121.459188,0.6072959402
0.0001549929323,laser0,200,112.9086932,0.5645434659
0.0001550429678,laser0,200,112.0369817,0.5601849086
0.000155093807,laser0,200,115.2766258,0.5763831291
0.000155145721,laser0,200,113.6016916,0.5680084582
0.000155198935,laser0,200,115.0421508,0.5752107538
0.000155253736,laser0,200,115.8402695,0.5792013474
0.0001553103979,laser0,200,115.5375234,0.5776876168
0.0001553692713,laser0,200,114.8583916,0.574291958
0.0001554307653,laser0,200,118.5937835,0.5929689174
0.000155495386,laser0,200,114.1958563,0.5709792815
0.0001555637303,laser0,200,112.6659022,0.5633295108
0.0001556356014,laser0,200,110.5270333,0.5526351663
0.0001557093248,laser0,200,116.3265033,0.5816325167
0.000155786093,laser0,200,112.6520737,0.5632603686
0.0001558668825,laser0,200,116.7319351,0.5836596756
0.0001559524168,laser0,200,122.3069897,0.6115349486
0.0001560435504,laser0,200,120.742302,0.6037115101
0.0001561406947,laser0,200,122.1785402,0.610892701
0.0001562277748,laser0,200,127.6688752,0.638344376
0.0001563072364,laser0,200,125.6319878,0.6281599389
0.0001563807473,laser0,200,122.7263038,0.6136315188
0.000156456037,laser0,200,121.0325648,0.6051628239
0.000156531905,laser0,200,118.0550314,0.5902751571
0.0001566069269,laser0,200,117.9697226,0.5898486129
0.0001566806316,laser0,200,110.7516232,0.553758116
0.0001567556633,laser0,200,112.0928114,0.5604640569
0.0001568336479,laser0,200,114.2524175,0.5712620873
0.0001569163334,laser0,200,118.1870991,0.5909354953
0.0001570055264,laser0,200,118.6362551,0.5931812753
0.0001571037343,laser0,200,117.364043,0.5868202149
0.0001572130695,laser0,200,114.8060031,0.5740300154
0.0001573346867,laser0,200,113.7910729,0.5689553644
0.0001574683899,laser0,200,117.1161821,0.5855809104
0.000157605716,laser0,200,116.7781297,0.5838906487
0.0001577403059,laser0,200,111.4249474,0.5571247369
0.0001578462373,laser0,200,117.207833,0.5860391652
0.0001579266673,laser0,200,115.4130676,0.577065338
0.0001580072216,laser0,200,118.4723984,0.5923619918
0.0001580873138,laser0,200,118.8407772,0.5942038861
0.0001581640581,laser0,200,121.6109253,0.6080546266
0.0001582297853,laser0,200,128.0892168,0.640446084
0.000158293969,laser0,200,116.9390925,0.5846954626
0.000158353805,laser0,200,126.3872798,0.6319363988
0.0001584162898,laser0,200,124.7237893,0.6236189464
0.0001584766137,laser0,200,125.4431776,0.6272158882
0.0001585376178,laser0,200,122.3286977,0.6116434887
0.000158602141,laser0,200,120.6078872,0.6030394361
0.0001586679692,laser0,200,124.1933598,0.620966799
0.0001587411841,laser0,200,126.6937055,0.6334685274
0.0001588148536,laser0,200,130.9868683,0.6549343415
0.0001588919522,laser0,200,134.8471662,0.6742358311
0.0001589691295,laser0,200,135.1560275,0.6757801373
0.0001590468075,laser0,200,129.7728098,0.648864049
0.0001591258072,laser0,200,131.4109841,0.6570549206
0.0001592043069,laser0,200,125.3580401,0.6267902005
0.0001592837899,laser0,200,115.8393026,0.5791965131
0.0001593653347,laser0,200,119.1572259,0.5957861295
0.0001594466491,laser0,200,116.7734205,0.5838671026
0.0001595284242,laser0,200,120.8648404,0.6043242019
0.0001596096995,laser0,200,121.266636,0.6063331798
0.0001596907776,laser0,200,122.5529168,0.6127645841
0.0001597719698,laser0,200,124.4773871,0.6223869353
0.0001598535499,laser0,200,120.6289093,0.6031445465
0.0001599369304,laser0,200,114.611343,0.5730567152
0.0001600198119,laser0,200,122.67298,0.6133649001
0.0001601031253,laser0,200,113.5502177,0.5677510883
0.0001601873436,laser0,200,108.9818621,0.5449093103
0.0001602730752,laser0,200,113.0699379,0.5653496897
0.0001603606471,laser0,200,110.2578595,0.5512892974
0.0001604503176,laser0,200,115.3717677,0.5768588387
0.0001605426896,laser0,200,113.6342162,0.5681710809
0.000160638301,laser0,200,110.8805032,0.5544025159
0.0001607370207,laser0,200,109.1498958,0.545749479
0.0001608384746,laser0,200,106.7146979,0.5335734896
0.0001609433234,laser0,200,108.7755022,0.5438775112
0.0001610333971,laser0,200,115.4392404,0.5771962019
0.0001611344386,laser0,200,118.0287885,0.5901439423
0.0001612465994,laser0,200,120.5645021,0.6028225105
0.0001613542405,laser0,200,114.8795783,0.5743978913
0.0001614696822,laser0,200,108.202273,0.5410113649
0.0001615850918,laser0,200,109.0275795,0.5451378975
0.0001616977087,laser0,200,105.7137022,0.5285685108
0.0001618129485,laser0,200,103.5792621,0.5178963107
0.0001619308007,laser0,200,102.9615704,0.5148078518
0.0001620507545,laser0,200,104.9975065,0.5249875327
0.0001621705502,laser0,200,112.4010357,0.5620051784
0.0001622900546,laser0,200,108.9149738,0.5445748692
0.0001624053406,laser0,200,108.2423207,0.5412116036
0.0001625170825,laser0,200,104.189667,0.5209483351
0.0001626270872,laser0,200,100.8953336,0.504476668
0.0001627360933,laser0,200,104.2541573,0.5212707863
0.000162845351,laser0,200,106.8849398,0.5344246988
0.0001629560744,laser0,200,114.5407085,0.5727035425
0.0001630696561,laser0,200,108.4746276,0.5423731378
0.0001631874801,laser0,200,110.8149342,0.5540746711
0.0001633113143,laser0,200,114.2750928,0.5713754638
0.0001634416381,laser0,200,117.1987561,0.5859937805
0.0001635619822,laser0,200,115.79556,0.5789778002
0.0001636766592,laser0,200,115.026678,0.5751333899
0.000163782119,laser0,200,118.2566388,0.5912831938
0.0001638994701,laser0,200,115.1572977,0.5757864884
0.0001640094102,laser0,200,118.0306272,0.5901531362
0.0001641230807,laser0,200,118.6086335,0.5930431675
0.0001642440996,laser0,200,115.5873783,0.5779368916
0.0001643648651,laser0,200,119.1263938,0.5956319689
0.0001644895528,laser0,200,127.3941213,0.6369706064
0.0001646168185,laser0,200,124.3070299,0.6215351497
0.000164749415,laser0,200,123.5816681,0.6179083405
0.0001648903499,laser0,200,126.9693591,0.6348467957
0.0001650133962,laser0,200,119.6587607,0.5982938035
0.0001651306431,laser0,200,118.9124945,0.5945624723
0.0001652448891,laser0,200,118.7483693,0.5937418466
0.0001653643445,laser0,200,113.4596947,0.5672984734
0.0001654920228,laser0,200,118.1105017,0.5905525085
0.000165634004,laser0,200,117.4672894,0.5873364472
0.000165784335,laser0,200,121.899161,0.609495805
0.0001659189209,laser0,200,121.4367562,0.607183781
0.0001660528675,laser0,200,113.1062533,0.5655312664
0.0001661908046,laser0,200,116.814298,0.5840714898
0.0001663359008,laser0,200,111.3034225,0.5565171127
0.0001664911848,laser0,200,106.9158835,0.5345794177
0.00016665651,laser0,200,120.3741834,0.601870917
0.00016681913,laser0,200,124.4543891,0.6222719454
0.0001669818795,laser0,200,114.193946,0.5709697299
0.0001671446232,laser0,200,105.991186,0.5299559302
0.0001672776434,laser0,200,109.6397836,0.5481989182
0.0001674152313,laser0,200,112.4818974,0.5624094868
0.0001675684309,laser0,200,107.8296086,0.5391480429
0.0001677162106,laser0,200,102.2467452,0.5112337258
0.0001678616096,laser0,200,107.4552565,0.5372762826
0.0001680065242,laser0,200,116.6167416,0.5830837079
0.000168109951,laser0,200,116.7383214,0.5836916071
0.0001682055438,laser0,200,125.5186834,0.6275934168
0.0001682938755,laser0,200,119.892382,0.5994619099
0.0001683750282,laser0,200,119.1266406,0.5956332028
0.000168447205,laser0,200,116.6369609,0.5831848043
0.0001685111883,laser0,200,117.6545122,0.5882725608
0.0001685753286,laser0,200,118.1711629,0.5908558147
0.0001686410765,laser0,200,117.0638973,0.5853194864
0.0001687088043,laser0,200,120.1376486,0.6006882431
0.0001687773465,laser0,200,119.7172775,0.5985863873
0.0001688472366,laser0,200,122.7721884,0.6138609422
0.000168916876,laser0,200,114.791986,0.5739599299
0.0001689818696,laser0,200,111.1629313,0.5558146564
0.0001690511229,laser0,200,116.7594799,0.5837973994
0.0001691223221,laser0,200,113.0841381,0.5654206907
0.0001691895046,laser0,200,117.1482561,0.5857412806
0.0001692508376,laser0,200,114.2250319,0.5711251597
0.0001693127427,laser0,200,114.9155599,0.5745777993
0.0001693763417,laser0,200,115.7097474,0.5785487368
0.0001694409432,laser0,200,120.0945981,0.6004729905
0.0001695031162,laser0,200,120.8477615,0.6042388074
0.0001695642512,laser0,200,124.6312658,0.6231563289
0.0001696251476,laser0,200,119.6813596,0.598406798
0.0001696859105,laser0,200,118.9772212,0.5948861061
0.0001697463012,laser0,200,108.5863899,0.5429319497
0.0001698065485,laser0,200,113.2492014,0.5662460068
0.0001698661742,laser0,200,110.7964364,0.5539821818
0.0001699253025,laser0,200,105.3783867,0.5268919334
0.0001699836376,laser0,200,105.6374081,0.5281870407
0.0001700416088,laser0,200,107.4034651,0.5370173255
0.0001700991719,laser0,200,105.2108691,0.5260543457
0.0001701559994,laser0,200,105.5244109,0.5276220545
0.0001702126514,laser0,200,104.8658803,0.5243294014
0.0001702695336,laser0,200,105.8326497,0.5291632483
0.0001703269453,laser0,200,105.1568782,0.5257843908
0.0001703851064,laser0,200,106.2266562,0.5311332809
0.0001704442439,laser0,200,107.7815408,0.5389077042
0.0001705048177,laser0,200,111.5496904,0.5577484519
0.0001705663742,laser0,200,113.4580121,0.5672900606
0.0001706290783,laser0,200,119.2448712,0.5962243558
0.0001706916439,laser0,200,115.1120554,0.575560277
0.0001707541042,laser0,200,111.7232988,0.5586164941
0.0001708173427,laser0,200,109.3775586,0.5468877929
0.0001708814912,laser0,200,109.106668,0.5455333399
0.0001709470048,laser0,200,101.875122,0.50937561
0.0001710140567,laser0,200,100.4128253,0.5020641266
0.0001710825862,laser0,200,100.9538858,0.5047694289
0.0001711528536,laser0,200,99.83792789,0.4991896395
0.0001712246577,laser0,200,102.7067184,0.5135335918
0.0001712981845,laser0,200,101.9959964,0.5099799819
0.0001713740308,laser0,200,100.70518,0.5035258999
0.0001714529566,laser0,200,105.628552,0.5281427599
0.0001715347727,laser0,200,106.875629,0.5343781451
0.0001716179775,laser0,200,108.3445973,0.5417229865
0.0001717033839,laser0,200,107.3437342,0.5367186712
0.0001717916794,laser0,200,108.1148423,0.5405742115
0.0001718834627,laser0,200,107.3265853,0.5366329266
0.0001719793266,laser0,200,101.2627044,0.506313522
0.0001720800959,laser0,200,108.6282236,0.5431411179
0.00017218636,laser0,200,107.1132866,0.5355664331
0.0001722993429,laser0,200,114.2551298,0.5712756489
0.0001724182568,laser0,200,115.8883244,0.5794416221
0.0001725286385,laser0,200,116.6957044,0.5834785218
0.0001726372329,laser0,200,114.8621515,0.5743107574
0.0001727467536,laser0,200,118.7988556,0.5939942782
0.0001728589356,laser0,200,116.3606663,0.5818033313
0.0001729762773,laser0,200,114.9936564,0.5749682818
0.0001730945169,laser0,200,114.0624317,0.5703121587
0.0001732001466,laser0,200,112.1910393,0.5609551965
0.0001733075045,laser0,200,111.8411574,0.5592057869
0.0001734166638,laser0,200,113.0835144,0.5654175718
0.0001735296758,laser0,200,113.6628454,0.5683142272
0.0001736425145,laser0,200,111.9525869,0.5597629347
0.0001737546624,laser0,200,116.0163047,0.5800815236
0.0001738662432,laser0,200,115.2240223,0.5761201116
0.000173976385,laser0,200,110.9446851,0.5547234256
0.0001740849488,laser0,200,120.6314638,0.6031573188
0.0001741919679,laser0,200,116.5388643,0.5826943213
0.0001742990964,laser0,200,108.0519128,0.5402595641
0.0001744084858,laser0,200,111.4482908,0.5572414538
0.0001745208623,laser0,200,116.3994387,0.5819971933
0.0001746363411,laser0,200,112.68115,0.56340575
0.0001747560758,laser0,200,121.1467523,0.6057337616
0.0001748774308,laser0,200,120.0033204,0.6000166021
0.0001749997325,laser0,200,118.4814731,0.5924073653
0.0001751215926,laser0,200,116.7913975,0.5839569875
0.0001752425612,laser0,200,125.1211253,0.6256056263
0.0001753636845,laser0,200,121.6712432,0.608356216
0.0001754856581,laser0,200,129.1836853,0.6459184263
0.0001756089662,laser0,200,129.8915435,0.6494577174
0.0001757340097,laser0,200,127.5516803,0.6377584014
0.0001758614233,laser0,200,122.8494123,0.6142470614
0.000175986867,laser0,200,123.6269646,0.6181348232
0.0001761076921,laser0,200,126.3422854,0.6317114269
0.0001762241621,laser0,200,119.0926494,0.5954632472
0.0001763368074,laser0,200,119.6637024,0.5983185118
0.0001764456278,laser0,200,127.0932229,0.6354661146
0.0001765510504,laser0,200,117.9542132,0.589771066
0.0001766541508,laser0,200,119.7681438,0.5988407188
0.0001767556803,laser0,200,112.0408664,0.5602043322
0.0001768556299,laser0,200,116.6755503,0.5833777516
0.0001769535186,laser0,200,113.6058309,0.5680291547
0.0001770499905,laser0,200,118.4059097,0.5920295487
0.0001771456094,laser0,200,115.9265703,0.5796328513
0.0001772409047,laser0,200,117.6537103,0.5882685516
0.0001773361611,laser0,200,119.2320186,0.5961600931
0.0001774316071,laser0,200,118.0101309,0.5900506545
0.0001775273749,laser0,200,122.1520086,0.610760043
0.0001776241464,laser0,200,119.8680507,0.5993402535
0.0001777175866,laser0,200,119.7240168,0.5986200838
0.000177805296,laser0,200,119.2213923,0.5961069615
0.000177889712,laser0,200,118.2332082,0.591166041
0.0001779717478,laser0,200,120.6955278,0.603477639
0.000178051826,laser0,200,115.4356733,0.5771783666
0.000178130136,laser0,200,113.3212442,0.5666062208
0.0001782067891,laser0,200,113.7724214,0.5688621072
0.0001782820135,laser0,200,113.5187636,0.5675938181
0.0001783560456,laser0,200,112.1133616,0.5605668078
0.0001784292018,laser0,200,109.004394,0.5450219698
0.0001785018043,laser0,200,112.6786743,0.5633933714
0.000178574203,laser0,200,114.1942341,0.5709711704
0.0001786466793,laser0,200,111.9108465,0.5595542326
0.0001787195402,laser0,200,111.8580471,0.5592902357
0.0001787929534,laser0,200,114.1210885,0.5706054427
0.0001788671633,laser0,200,108.6452232,0.5432261158
0.0001789423418,laser0,200,109.1776068,0.5458880339
0.0001790153968,laser0,200,110.9748402,0.5548742008
0.0001790870292,laser0,200,111.9014906,0.5595074531
0.0001791579956,laser0,200,110.0334325,0.5501671624
0.0001792289954,laser0,200,108.127236,0.5406361802
0.0001793004268,laser0,200,113.4237538,0.5671187688
0.0001793727903,laser0,200,116.0691928,0.5803459638
0.0001794461604,laser0,200,114.4879013,0.5724395067
0.0001795207607,laser0,200,114.2017543,0.5710087714
0.0001795968321,laser0,200,120.3466421,0.6017332107
0.0001796745643,laser0,200,111.7325746,0.558662873
0.0001797542202,laser0,200,111.4526385,0.5572631925
0.000179836154,laser0,200,110.9111186,0.554555593
0.0001799206597,laser0,200,108.194876,0.5409743801
0.0001800083938,laser0,200,111.3172441,0.5565862204
0.0001800999222,laser0,200,110.8366881,0.5541834404
0.0001801926558,laser0,200,110.6466113,0.5532330565
0.000180284847,laser0,200,110.7817929,0.5539089643
0.0001803774438,laser0,200,111.4981876,0.5574909382
0.0001804713248,laser0,200,113.6066002,0.5680330011
0.0001805673127,laser0,200,114.1175695,0.5705878476
0.0001806665452,laser0,200,116.5128804,0.5825644021
0.0001807697747,laser0,200,116.1227206,0.5806136029
0.0001808780949,laser0,200,118.0787885,0.5903939425
0.0001809923486,laser0,200,121.6336919,0.6081684597
0.0001811139901,laser0,200,117.7115652,0.5885578261
0.0001812283193,laser0,200,117.564048,0.5878202401
0.0001813327456,laser0,200,117.9323365,0.5896616823
0.0001814286345,laser0,200,109.6881413,0.5484407063
0.0001815160861,laser0,200,108.6107563,0.5430537815
0.0001815991576,laser0,200,108.1267286,0.5406336428
0.0001816786871,laser0,200,102.2723379,0.5113616897
0.0001817555766,laser0,200,100.9087769,0.5045438843
0.0001818356054,laser0,200,93.44043739,0.4672021869
0.0001819172131,laser0,200,92.82786821,0.464139341
0.000182001309,laser0,200,94.92071096,0.4746035548
0.0001820903696,laser0,200,91.73490651,0.4586745325
0.0001821709635,laser0,200,91.59913804,0.4579956902
0.0001822469575,laser0,200,92.12970154,0.4606485077
0.0001823205804,laser0,200,96.87040239,0.484352012
0.0001823935642,laser0,200,92.965481,0.464827405
0.0001824671068,laser0,200,98.42605874,0.4921302937
0.0001825424427,laser0,200,105.9736669,0.5298683346
0.0001826207203,laser0,200,101.4826549,0.5074132746
0.0001827033102,laser0,200,104.308269,0.5215413451
0.0001827914216,laser0,200,113.4022637,0.5670113185
0.0001828863221,laser0,200,117.8277231,0.5891386155
0.0001829864719,laser0,200,118.5879186,0.592939593
0.0001830925595,laser0,200,125.4107617,0.6270538085
0.0001832000217,laser0,200,121.2806247,0.6064031237
0.0001833073721,laser0,200,120.6547055,0.6032735274
0.0001834153269,laser0,200,121.4159495,0.6070797475
0.0001835200096,laser0,200,122.1724273,0.6108621366
0.0001836146904,laser0,200,118.3207915,0.5916039575
0.000183707158,laser0,200,113.911349,0.5695567452
0.0001837974828,laser0,200,107.6547559,0.5382737794
0.0001838866021,laser0,200,108.0249068,0.5401245338
0.0001839727036,laser0,200,107.3542063,0.5367710313
0.0001840552013,laser0,200,105.0983024,0.5254915121
0.0001841331402,laser0,200,109.4085574,0.5470427868
0.0001842111151,laser0,200,109.9806663,0.5499033313
0.0001842902631,laser0,200,112.0108673,0.5600543366
0.000184369791,laser0,200,116.4098034,0.582049017
0.0001844502021,laser0,200,120.8299778,0.6041498891
0.0001845314604,laser0,200,117.6349838,0.5881749189
0.000184615354,laser0,200,114.7593561,0.5737967805
0.0001846976822,laser0,200,118.5907105,0.5929535524
0.0001847805436,laser0,200,111.801055,0.559005275
0.0001848678619,laser0,200,110.250851,0.551254255
0.0001849475458,laser0,200,106.7894714,0.5339473569
0.0001850256132,laser0,200,111.7773036,0.558886518
0.0001851001632,laser0,200,108.1262698,0.5406313491
0.0001851731622,laser0,200,111.055935,0.5552796751
0.0001852451973,laser0,200,107.5409379,0.5377046896
0.0001853180164,laser0,200,105.6505997,0.5282529986
0.0001853903034,laser0,200,105.0007691,0.5250038454
0.000185461509,laser0,200,107.0952564,0.5354762822
0.0001855325122,laser0,200,112.5592054,0.562796027
0.0001856042246,laser0,200,112.0873824,0.5604369119
0.0001856800455,laser0,200,113.9888788,0.569944394
0.0001857618196,laser0,200,118.0392753,0.5901963763
0.0001858432719,laser0,200,115.1622656,0.5758113279
0.0001859248726,laser0,200,114.0423961,0.5702119803
0.0001860080763,laser0,200,109.98478,0.5499239001
0.00018609694,laser0,200,110.8272593,0.5541362966
0.0001861900833,laser0,200,117.3273989,0.5866369943
0.0001862824514,laser0,200,111.5132998,0.5575664989
0.0001863738539,laser0,200,112.6476794,0.5632383972
0.000186464054,laser0,200,108.9796998,0.5448984992
0.0001865550549,laser0,200,112.7099327,0.5635496636
0.0001866464317,laser0,200,117.3248404,0.5866242019
0.0001867385985,laser0,200,116.5898625,0.5829493123
0.0001868328364,laser0,200,114.2513458,0.5712567288
0.0001869271433,laser0,200,111.7394292,0.558697146
0.0001870249216,laser0,200,111.230047,0.5561502351
0.0001871273105,laser0,200,109.5912922,0.5479564608
0.0001872350533,laser0,200,108.8430836,0.5442154182
0.0001873481253,laser0,200,106.0027087,0.5300135437
0.0001874559401,laser0,200,105.2618037,0.5263090184
0.0001875708689,laser0,200,104.4492514,0.5222462571
0.0001876924994,laser0,200,106.3578453,0.5317892267
0.0001878241992,laser0,200,107.2875419,0.5364377097
0.0001879585306,laser0,200,104.2866074,0.5214330368
0.0001880846825,laser0,200,110.4416855,0.5522084276
0.0001882116508,laser0,200,103.323371,0.5166168548
0.000188336718,laser0,200,101.9082015,0.5095410073
0.0001884592099,laser0,200,99.00516237,0.4950258119
0.0001885797892,laser0,200,104.000627,0.5200031351
0.0001887038144,laser0,200,93.7689901,0.4688449505
0.0001888284859,laser0,200,100.66083,0.5033041499
0.0001889570957,laser0,200,97.29210191,0.4864605096
0.000189087875,laser0,200,94.08995532,0.4704497766
0.0001892205821,laser0,200,99.31124453,0.4965562226
0.0001893554249,laser0,200,100.1468759,0.5007343794
0.0001894937527,laser0,200,108.2957223,0.5414786115
0.0001896369193,laser0,200,104.7433789,0.5237168947
0.0001897854047,laser0,200,100.3499292,0.5017496462
0.0001899395475,laser0,200,104.2103884,0.5210519418
0.0001900760631,laser0,200,105.6267758,0.5281338788
0.0001902276759,laser0,200,104.424816,0.5221240798
0.0001903809053,laser0,200,107.9163515,0.5395817577
0.000190531528,laser0,200,115.6552516,0.5782762581
0.0001906753344,laser0,200,110.1490487,0.5507452433
0.0001908168889,laser0,200,111.4995881,0.5574979406
0.0001909664646,laser0,200,109.9659053,0.5498295263
0.0001911086426,laser0,200,111.6486507,0.5582432537
0.0001912520852,laser0,200,113.3930494,0.5669652469
0.0001914080348,laser0,200,109.275098,0.5463754902
0.0001915751242,laser0,200,109.5373049,0.5476865246
0.0001917616363,laser0,200,120.6597815,0.6032989075
0.0001919593148,laser0,200,120.2157204,0.6010786018
0.0001921621274,laser0,200,112.1885861,0.5609429303
0.0001923550109,laser0,200,116.670216,0.5833510798
0.000192569562,laser0,200,119.8156424,0.5990782121
0.0001927572943,laser0,200,122.3909521,0.6119547603
0.0001929414255,laser0,200,120.1353269,0.6006766345
0.0001930662905,laser0,200,115.8684042,0.5793420208
0.0001931932109,laser0,200,111.3154241,0.5565771206
0.0001933232772,laser0,200,105.2571564,0.5262857818
0.0001934509297,laser0,200,111.3836503,0.5569182516
0.0001935291819,laser0,200,115.6802399,0.5784011994
0.0001936022124,laser0,200,117.4727545,0.5873637725
0.0001936799759,laser0,200,117.7847791,0.5889238957
0.0001937536463,laser0,200,118.3985735,0.5919928676
0.0001938270974,laser0,200,116.8339438,0.5841697192
0.0001938943447,laser0,200,117.728329,0.5886416448
0.0001939667469,laser0,200,119.6711777,0.5983558887
0.0001940428141,laser0,200,122.2942631,0.6114713154
0.0001941208955,laser0,200,123.0789427,0.6153947134
0.0001942026442,laser0,200,119.2257285,0.5961286426
0.0001942859065,laser0,200,115.5453471,0.5777267357
0.0001943760729,laser0,200,107.6839955,0.5384199777
0.0001944656974,laser0,200,106.6612885,0.5333064425
0.0001945595703,laser0,200,106.6325104,0.5331625518
0.0001946546407,laser0,200,103.3517303,0.5167586514
0.0001947538573,laser0,200,103.6090948,0.518045474
0.0001948579182,laser0,200,103.9738619,0.5198693094
0.0001949683515,laser0,200,103.7191309,0.5185956543
0.0001950745582,laser0,200,103.8751117,0.5193755586
0.0001951783042,laser0,200,104.9666252,0.5248331262
0.0001952782234,laser0,200,114.5987702,0.5729938508
0.0001953771544,laser0,200,121.9359846,0.6096799229
0.0001954810576,laser0,200,117.9065617,0.5895328086
0.0001955840163,laser0,200,116.5685391,0.5828426953
0.0001956885636,laser0,200,113.607257,0.5680362852
0.0001957944437,laser0,200,121.1489627,0.6057448135
0.0001958983361,laser0,200,118.3624167,0.5918120837
0.0001960048472,laser0,200,114.38372,0.5719185998
0.0001961111289,laser0,200,106.5771977,0.5328859883
0.0001962169816,laser0,200,107.4125748,0.5370628738
0.0001963241497,laser0,200,104.088677,0.520443385
0.0001964324932,laser0,200,106.251328,0.5312566401
0.0001965449455,laser0,200,110.0224022,0.5501120108
0.0001966414796,laser0,200,107.6091132,0.5380455662
0.0001967276264,laser0,200,111.6167774,0.558083887
0.0001968145107,laser0,200,111.2224294,0.5561121472
0.0001968975181,laser0,200,112.6839931,0.5634199656
0.0001969743183,laser0,200,111.194623,0.5559731148
0.0001970520759,laser0,200,110.4997688,0.552498844
0.000197127323,laser0,200,115.2889607,0.5764448033
0.0001972000242,laser0,200,119.6362525,0.5981812625
0.0001972731638,laser0,200,116.2190473,0.5810952367
0.00019734634,laser0,200,114.149031,0.570745155
0.0001974195217,laser0,200,112.9153956,0.5645769778
0.0001974897628,laser0,200,116.136966,0.58068483
0.0001975582259,laser0,200,119.4943557,0.5974717786
0.0001976267864,laser0,200,120.2920382,0.6014601912
0.0001976964014,laser0,200,124.1240218,0.620620109
0.0001977690709,laser0,200,120.0712105,0.6003560523
0.0001978377468,laser0,200,117.3377121,0.5866885604
0.0001979070711,laser0,200,112.9984714,0.564992357
0.0001979794663,laser0,200,111.9432706,0.5597163531
0.0001980570044,laser0,200,115.9593019,0.5797965094
0.0001981330264,laser0,200,115.5349181,0.5776745906
0.0001982093955,laser0,200,114.2488333,0.5712441665
0.0001982865761,laser0,200,113.2726382,0.5663631909
0.0001983628435,laser0,200,116.433626,0.5821681299
0.0001984382949,laser0,200,119.2360652,0.5961803259
0.000198511085,laser0,200,119.6912593,0.5984562967
0.0001985827863,laser0,200,117.0966312,0.5854831559
0.000198653448,laser0,200,115.0152146,0.5750760729
0.0001987236782,laser0,200,116.7801505,0.5839007524
0.0001987936724,laser0,200,114.1701914,0.570850957
0.0001988640214,laser0,200,111.211773,0.5560588652
0.0001989350047,laser0,200,108.6690786,0.5433453928
0.000199007082,laser0,200,106.1755397,0.5308776987
0.0001990806887,laser0,200,106.6107192,0.5330535961
0.0001991551356,laser0,200,106.9814052,0.5349070259
0.0001992304357,laser0,200,101.4505767,0.5072528835
0.000199306839,laser0,200,99.84531842,0.4992265921
0.0001993845976,laser0,200,102.3437383,0.5117186913
0.0001994640844,laser0,200,98.95836039,0.494791802
0.0001995441401,laser0,200,97.33976014,0.4866988007
0.000199625525,laser0,200,102.4587382,0.5122936912
0.0001997085991,laser0,200,100.6525431,0.5032627153
0.0001997931631,laser0,200,99.35078097,0.4967539049
0.0001998785772,laser0,200,92.53174232,0.4626587116
0.0001999654787,laser0,200,90.56121768,0.4528060884
0.0002000542813,laser0,200,90.62448496,0.4531224248
0.0002001457702,laser0,200,92.22680938,0.4611340469
0.0002002404699,laser0,200,94.24129692,0.4712064846
0.0002003393674,laser0,200,88.95994173,0.4447997087
0.0002004422675,laser0,200,89.27460397,0.4463730198
0.0002005494068,laser0,200,93.37449851,0.4668724926
0.0002006609681,laser0,200,89.36066973,0.4468033487
0.0002007777475,laser0,200,89.47190415,0.4473595207
0.0002009005706,laser0,200,92.10643522,0.4605321761
0.0002010319921,laser0,200,96.15420114,0.4807710057
0.0002011649015,laser0,200,101.561612,0.5078080601
0.0002012888532,laser0,200,104.5812124,0.5229060622
0.0002014059789,laser0,200,105.8108717,0.5290543583
0.0002015156874,laser0,200,110.5218219,0.5526091093
0.0002016252739,laser0,200,100.7961098,0.5039805488
0.0002017376902,laser0,200,107.4635526,0.537317763
0.0002018513819,laser0,200,107.5341705,0.5376708524
0.000201961445,laser0,200,102.897813,0.5144890651
0.0002020734878,laser0,200,102.3745086,0.5118725429
0.0002021899701,laser0,200,109.0320037,0.5451600186
0.0002023133135,laser0,200,102.8886889,0.5144434445
0.0002024482877,laser0,200,102.460781,0.5123039052
0.0002025899541,laser0,200,116.4460816,0.5822304078
0.0002027167721,laser0,200,116.1542556,0.5807712781
0.0002028406272,laser0,200,118.7648891,0.5938244453
0.0002029648208,laser0,200,116.3713091,0.5818565456
0.0002030900504,laser0,200,108.8619628,0.5443098141
0.0002032113648,laser0,200,104.5022292,0.5225111461
0.0002033294892,laser0,200,104.2909473,0.5214547363
0.0002034470738,laser0,200,108.0115933,0.5400579663
0.0002035686809,laser0,200,107.5340858,0.5376704292
0.0002036887721,laser0,200,104.9468347,0.5247341737
0.0002038097472,laser0,200,96.68925849,0.4834462924
0.0002039355122,laser0,200,99.32111006,0.4966055503
0.0002040663597,laser0,200,102.9848608,0.5149243039
0.0002041958526,laser0,200,97.67591748,0.4883795874
0.0002043214694,laser0,200,97.85615026,0.4892807513
0.0002044436521,laser0,200,109.9966367,0.5499831835
0.0002045629222,laser0,200,110.6858247,0.5534291236
0.0002046783001,laser0,200,106.0396209,0.5301981046
0.0002047818782,laser0,200,107.7816106,0.5389080529
0.0002048931009,laser0,200,104.6226221,0.5231131107
0.0002049920736,laser0,200,103.372661,0.5168633052
0.0002050946633,laser0,200,102.6087946,0.5130439729
0.0002051902483,laser0,200,103.9023407,0.5195117037
0.0002052813006,laser0,200,106.1962956,0.5309814782
0.0002053686472,laser0,200,115.4337834,0.5771689171
0.0002054538233,laser0,200,110.0372131,0.5501860657
0.0002055379707,laser0,200,111.8221618,0.5591108089
0.0002056203221,laser0,200,108.0442807,0.5402214034
0.0002057006666,laser0,200,102.1011681,0.5105058406
0.0002057785513,laser0,200,99.47741373,0.4973870686
0.0002058546117,laser0,200,102.3341631,0.5116708153
0.0002059292412,laser0,200,100.1828861,0.5009144304
0.0002060028889,laser0,200,102.0838838,0.5104194191
0.0002060759966,laser0,200,101.2608515,0.5063042573
0.0002061491606,laser0,200,103.1015693,0.5155078466
0.0002062230522,laser0,200,101.3029799,0.5065148996
0.0002062982803,laser0,200,101.8047429,0.5090237144
0.0002063752328,laser0,200,107.8356331,0.5391781656
0.000206454185,laser0,200,108.978904,0.5448945201
0.000206535276,laser0,200,113.3536504,0.5667682522
0.0002066185576,laser0,200,114.6929309,0.5734646543
0.0002067038063,laser0,200,110.7169749,0.5535848744
0.000206790991,laser0,200,116.50534,0.5825267002
0.0002068798625,laser0,200,107.1692347,0.5358461734
0.0002069701203,laser0,200,106.7966529,0.5339832647
0.0002070613946,laser0,200,103.7790734,0.5188953671
0.0002071531513,laser0,200,102.6325258,0.5131626291
0.0002072450179,laser0,200,101.5852971,0.5079264853
0.0002073366761,laser0,200,102.9501282,0.5147506408
0.0002074217903,laser0,200,100.0117052,0.5000585261
0.000207511892,laser0,200,103.7966026,0.5189830131
0.000207598701,laser0,200,104.1237665,0.5206188324
0.0002076868967,laser0,200,105.9472198,0.529736099
0.0002077742548,laser0,200,102.4750072,0.5123750359
0.0002078605335,laser0,200,103.4021628,0.517010814
0.0002079456197,laser0,200,98.56785378,0.4928392689
0.0002080288702,laser0,200,99.79608774,0.4989804387
0.000208109805,laser0,200,96.59714936,0.4829857468
0.000208188029,laser0,200,100.4871614,0.5024358068
0.0002082634885,laser0,200,104.0532182,0.5202660911
0.0002083364813,laser0,200,105.0594282,0.5252971408
0.0002084074414,laser0,200,108.2829454,0.5414147268
0.0002084768401,laser0,200,105.7185399,0.5285926994
0.000208545142,laser0,200,106.4159483,0.5320797414
0.0002086128692,laser0,200,106.6701409,0.5333507047
0.0002086805561,laser0,200,106.8883744,0.5344418722
0.0002087487204,laser0,200,108.9134618,0.5445673088
0.0002088178292,laser0,200,111.1324009,0.5556620046
0.0002088882775,laser0,200,118.452128,0.5922606399
0.0002089597496,laser0,200,115.6554939,0.5782774695
0.0002090331593,laser0,200,114.7954309,0.5739771546
0.0002091091102,laser0,200,110.1363619,0.5506818093
0.0002091879868,laser0,200,108.5628553,0.5428142764
0.000209270956,laser0,200,106.9352921,0.5346764606
0.0002093588193,laser0,200,107.858234,0.5392911702
0.0002094518056,laser0,200,106.3088596,0.5315442981
0.0002095521812,laser0,200,109.1965645,0.5459828224
0.0002096619497,laser0,200,105.4180842,0.5270904211
0.0002097779425,laser0,200,105.1431802,0.5257159008
0.0002099010112,laser0,200,104.5954926,0.522977463
0.0002100317467,laser0,200,107.3849537,0.5369247684
0.0002101679838,laser0,200,107.3891755,0.5369458773
0.0002103087482,laser0,200,100.7115758,0.503557879
0.0002104515622,laser0,200,100.3577688,0.5017888438
0.0002105979591,laser0,200,97.37242863,0.4868621432
0.0002107488037,laser0,200,100.2667818,0.5013339092
0.0002109044818,laser0,200,89.97047934,0.4498523967
0.0002110654431,laser0,200,91.84456893,0.4592228446
0.0002112320157,laser0,200,98.43094414,0.4921547207
0.0002114043849,laser0,200,101.5827916,0.5079139579
0.0002115635819,laser0,200,95.12092573,0.4756046287
0.0002117212856,laser0,200,95.22470986,0.4761235493
0.0002118905056,laser0,200,92.55790633,0.4627895316
0.0002120671704,laser0,200,107.6272629,0.5381363147
0.0002122526139,laser0,200,107.6769905,0.5383849527
0.0002124464916,laser0,200,113.9549177,0.5697745883
0.0002126505218,laser0,200,106.9027544,0.5345137721
0.0002128567653,laser0,200,101.6992648,0.5084963242
0.0002130551052,laser0,200,95.02249524,0.4751124762
0.0002131819057,laser0,200,97.97108745,0.4898554372
0.0002133208904,laser0,200,101.722998,0.5086149901
0.0002134621871,laser0,200,104.0669052,0.5203345259
0.0002136158786,laser0,200,107.6942621,0.5384713103
0.000213741658,laser0,200,112.4733533,0.5623667663
0.0002138573089,laser0,200,112.4791672,0.5623958359
0.0002139663026,laser0,200,109.1791323,0.5458956613
0.0002140708756,laser0,200,111.8247175,0.5591235874
0.0002141699407,laser0,200,109.7064845,0.5485324226
0.0002142595668,laser0,200,111.9013832,0.5595069159
0.00021435182,laser0,200,115.3241094,0.5766205468
0.000214445136,laser0,200,118.6166743,0.5930833713
0.0002145424634,laser0,200,115.3022557,0.5765112787
0.0002146510827,laser0,200,104.1537467,0.5207687334
0.0002147656485,laser0,200,111.4825159,0.5574125794
0.0002148660089,laser0,200,113.9033566,0.569516783
0.0002149537172,laser0,200,108.4118526,0.5420592632
0.000215042829,laser0,200,112.0021433,0.5600107163
0.0002151355062,laser0,200,105.7351259,0.5286756294
0.0002152315176,laser0,200,101.4279741,0.5071398706
0.0002153289941,laser0,200,107.7612376,0.5388061879
0.000215429803,laser0,200,108.2943655,0.5414718274
0.0002155351595,laser0,200,104.3522796,0.5217613979
0.0002156483086,laser0,200,104.6861541,0.5234307705
0.0002157706016,laser0,200,107.1340347,0.5356701737
0.0002158978167,laser0,200,104.6606276,0.5233031379
0.0002160163529,laser0,200,107.1208631,0.5356043157
0.0002161301059,laser0,200,110.7112986,0.5535564932
0.0002162442703,laser0,200,109.9565527,0.5497827635
0.0002163593204,laser0,200,107.8798955,0.5393994776
0.0002164768586,laser0,200,110.9074075,0.5545370376
0.0002165884226,laser0,200,107.8061572,0.5390307858
0.0002167076982,laser0,200,110.0199979,0.5500999895
0.0002168349057,laser0,200,111.0525934,0.5552629671
0.0002169718954,laser0,200,104.9415931,0.5247079655
0.0002171131559,laser0,200,98.29054315,0.4914527157
0.0002172553388,laser0,200,102.4825697,0.5124128487
0.0002174070932,laser0,200,101.4547495,0.5072737476
0.0002175412293,laser0,200,100.7176239,0.5035881193
0.000217677859,laser0,200,98.50197353,0.4925098677
0.0002177968575,laser0,200,97.75605066,0.4887802533
0.0002179030425,laser0,200,100.0687469,0.5003437343
0.0002179968241,laser0,200,101.3865966,0.506932983
0.0002180886728,laser0,200,102.4319458,0.5121597289
0.0002181784275,laser0,200,97.37210225,0.4868605112
0.0002182675809,laser0,200,94.18935158,0.4709467579
0.0002183599339,laser0,200,96.25775097,0.4812887549
0.0002184601952,laser0,200,97.79822109,0.4889911054
0.0002185668258,laser0,200,98.27187889,0.4913593944
0.0002186802902,laser0,200,106.682988,0.5334149401
0.0002188042945,laser0,200,104.334048,0.52167024
0.000218940623,laser0,200,104.0395926,0.5201979632
0.0002190911272,laser0,200,98.02415082,0.4901207541
0.0002192537413,laser0,200,101.7210512,0.5086052558
0.0002194192311,laser0,200,98.36143898,0.4918071949
0.000219596254,laser0,200,101.265054,0.5063252702
0.0002197778085,laser0,200,107.4548851,0.5372744256
0.0002199511218,laser0,200,105.2861622,0.526430811
0.0002200964337,laser0,200,108.6540351,0.5432701756
0.0002202419048,laser0,200,105.1446255,0.5257231276
0.0002203814842,laser0,200,103.9814099,0.5199070493
0.0002205043873,laser0,200,107.747976,0.5387398802
0.0002206312867,laser0,200,103.6310233,0.5181551166
0.0002207579914,laser0,200,106.3312879,0.5316564394
0.0002208826084,laser0,200,116.9935258,0.584967629
0.0002210125033,laser0,200,115.8460755,0.5792303775
0.0002211363928,laser0,200,114.6993871,0.5734969355
0.0002212558041,laser0,200,109.1594246,0.545797123
0.0002213734169,laser0,200,105.691602,0.5284580102
0.0002214904147,laser0,200,102.3301343,0.5116506714
0.0002216082755,laser0,200,110.2969485,0.5514847423
0.0002217284582,laser0,200,106.8495083,0.5342475415
0.0002218487965,laser0,200,107.3078515,0.5365392574
0.0002219697232,laser0,200,108.7907474,0.5439537372
0.0002220915719,laser0,200,103.8832555,0.5194162776
0.0002222143855,laser0,200,106.9947355,0.5349736775
0.0002223380503,laser0,200,108.0732498,0.5403662489
0.000222464595,laser0,200,108.9406227,0.5447031136
0.0002225950218,laser0,200,109.5870329,0.5479351647
0.000222728211,laser0,200,102.5178236,0.5125891181
0.0002228628611,laser0,200,103.2297269,0.5161486345
0.0002230004398,laser0,200,100.426299,0.5021314951
0.0002231416735,laser0,200,95.90819062,0.4795409531
0.000223282439,laser0,200,103.5046879,0.5175234396
0.00022342112,laser0,200,105.9299607,0.5296498033
0.0002235482215,laser0,200,102.8043454,0.5140217268
0.0002236516867,laser0,200,93.08141287,0.4654070644
0.0002237410572,laser0,200,89.37157776,0.4468578888
0.0002238007279,laser0,200,90.60791942,0.4530395971
0.0002238675108,laser0,200,90.22236699,0.4511118349
0.0002239419397,laser0,200,90.50056911,0.4525028455
0.0002240188846,laser0,200,98.39985692,0.4919992846
0.0002240961046,laser0,200,95.33474301,0.4766737151
0.000224177188,laser0,200,95.95025217,0.4797512608
0.0002242591464,laser0,200,103.7616565,0.5188082823
0.0002243406596,laser0,200,101.1667404,0.5058337018
0.0002244221377,laser0,200,97.02365383,0.4851182691
0.0002245056445,laser0,200,95.68171366,0.4784085683
0.0002245931393,laser0,200,98.63319628,0.4931659814
0.0002246793196,laser0,200,98.85976698,0.4942988349
0.0002247641647,laser0,200,99.48383998,0.4974191999
0.0002248503176,laser0,200,105.7346092,0.528673046
0.0002249398614,laser0,200,106.4250071,0.5321250353
0.0002250310792,laser0,200,99.6345367,0.4981726835
0.0002251230676,laser0,200,100.4204425,0.5021022127
0.0002252151655,laser0,200,97.97160764,0.4898580382
0.00022530635,laser0,200,101.8317405,0.5091587025
0.0002253954232,laser0,200,104.9760826,0.5248804129
0.0002254850238,laser0,200,103.1599363,0.5157996813
0.0002255764413,laser0,200,105.6471439,0.5282357197
0.0002256676728,laser0,200,104.2052682,0.521026341
0.000225761475,laser0,200,107.1280451,0.5356402257
0.0002258564457,laser0,200,110.8653257,0.5543266284
0.0002259541765,laser0,200,106.4637246,0.5323186231
0.0002260567188,laser0,200,100.1715254,0.500857627
0.0002261660031,laser0,200,102.4334092,0.5121670459
0.0002262717251,laser0,200,101.9966624,0.5099833121
0.0002263516411,laser0,200,103.7513938,0.518756969
0.0002264411274,laser0,200,99.55144344,0.4977572172
0.000226525912,laser0,200,97.4595349,0.4872976745
0.0002266100796,laser0,200,99.43470251,0.4971735126
0.0002266970898,laser0,200,105.4518066,0.5272590328
0.0002267821797,laser0,200,102.0055802,0.510027901
0.0002268657015,laser0,200,101.5282761,0.5076413807
0.0002269432065,laser0,200,101.2394975,0.5061974876
0.0002270059149,laser0,200,101.5520422,0.5077602108
0.000227076063,laser0,200,100.9112511,0.5045562556
0.0002271461089,laser0,200,102.6192223,0.5130961115
0.0002272223728,laser0,200,100.7228061,0.5036140305
0.0002273009774,laser0,200,104.5103561,0.5225517804
0.0002273801279,laser0,200,111.5374924,0.5576874621
0.0002274627561,laser0,200,118.6346163,0.5931730816
0.0002275333853,laser0,200,117.3513555,0.5867567776
0.0002276119012,laser0,200,117.2223974,0.586111987
0.0002276889002,laser0,200,108.2488694,0.541244347
0.0002277636489,laser0,200,108.0687245,0.5403436223
0.0002278398844,laser0,200,110.0961629,0.5504808143
0.0002279150325,laser0,200,109.611794,0.54805897
0.0002279898762,laser0,200,109.9611967,0.5498059835
0.0002280653605,laser0,200,114.7603037,0.5738015187
0.0002281421299,laser0,200,113.4086295,0.5670431475
0.0002282216045,laser0,200,111.8702848,0.559351424
0.0002283014067,laser0,200,106.2999491,0.5314997456
0.0002283824132,laser0,200,103.5762134,0.5178810669
0.0002284611076,laser0,200,121.3531319,0.6067656594
0.0002285389723,laser0,200,124.6498227,0.6232491134
0.0002286187325,laser0,200,126.6790513,0.6333952564
0.0002286984462,laser0,200,117.7112099,0.5885560497
0.0002287758295,laser0,200,114.6853649,0.5734268245
0.0002288492243,laser0,200,107.0866427,0.5354332135
0.0002289223355,laser0,200,105.0754202,0.5253771011
0.0002289933829,laser0,200,106.5959391,0.5329796956
0.0002290641148,laser0,200,112.265698,0.5613284901
0.0002291343699,laser0,200,111.8388387,0.5591941936
0.0002292052847,laser0,200,113.7652675,0.5688263375
0.0002292760338,laser0,200,112.875424,0.5643771202
0.0002293469057,laser0,200,112.5400244,0.562700122
0.0002294184194,laser0,200,117.4640709,0.5873203545
0.0002294912687,laser0,200,113.98057,0.5699028499
0.0002295663204,laser0,200,114.191451,0.5709572551
0.0002296441693,laser0,200,117.0871746,0.5854358728
0.0002297237178,laser0,200,111.7944305,0.5589721526
0.0002298049185,laser0,200,110.2537195,0.5512685974
0.0002298886623,laser0,200,114.8303787,0.5741518933
0.0002299749065,laser0,200,110.0926022,0.5504630109
0.0002300634429,laser0,200,113.9552064,0.569776032
0.0002301542931,laser0,200,112.2744723,0.5613723613
0.0002302476047,laser0,200,109.0321177,0.5451605887
0.0002303433763,laser0,200,116.99965,0.58499825
0.0002304416324,laser0,200,113.6113562,0.5680567812
0.0002305424913,laser0,200,110.5091179,0.5525455896
0.000230646386,laser0,200,106.9575763,0.5347878817
0.0002307530653,laser0,200,107.0321523,0.5351607616
0.0002308601661,laser0,200,108.6448532,0.5432242661
0.0002309674574,laser0,200,110.5048262,0.5525241308
0.0002310749876,laser0,200,114.2186856,0.5710934282
0.0002311833401,laser0,200,111.2667681,0.5563338404
0.0002312938533,laser0,200,107.0904749,0.5354523746
0.0002314079404,laser0,200,106.1433553,0.5307167767
0.0002315159642,laser0,200,108.4961357,0.5424806786
0.0002316362837,laser0,200,108.8173955,0.5440869774
0.0002317511591,laser0,200,109.2832147,0.5464160735
0.0002318626286,laser0,200,109.1159184,0.5455795918
0.0002319771686,laser0,200,108.353729,0.541768645
0.0002320960702,laser0,200,104.4606099,0.5223030494
0.0002322177949,laser0,200,104.9252767,0.5246263835
0.0002323428483,laser0,200,109.5708243,0.5478541215
0.0002324743502,laser0,200,108.1020106,0.5405100528
0.0002326112423,laser0,200,105.756609,0.5287830451
0.0002327436207,laser0,200,105.9222194,0.5296110972
0.0002328835751,laser0,200,109.2635793,0.5463178967
0.0002330307807,laser0,200,105.7352578,0.5286762891
0.0002331900321,laser0,200,106.0523814,0.5302619068
0.0002333585245,laser0,200,111.2982825,0.5564914125
0.0002335440436,laser0,200,113.726269,0.5686313448
0.0002337430967,laser0,200,118.9748185,0.5948740925
0.0002339646319,laser0,200,116.2786347,0.5813931737
0.0002341858794,laser0,200,116.0503133,0.5802515666
0.0002344008719,laser0,200,112.367204,0.5618360202
0.0002346147686,laser0,200,110.5886789,0.5529433943
0.0002348314806,laser0,200,110.4090526,0.5520452632
0.0002350469287,laser0,200,101.7383344,0.508691672
0.0002352659282,laser0,200,108.4747925,0.5423739624
0.0002354133275,laser0,200,108.0972575,0.5404862877
0.0002355428166,laser0,200,105.114434,0.52557217
0.0002356756896,laser0,200,108.1631331,0.5408156654
0.0002357978657,laser0,200,107.6969939,0.5384849695
0.0002359125352,laser0,200,104.6942135,0.5234710677
0.0002360168725,laser0,200,108.3046293,0.5415231467
0.000236128487,laser0,200,111.0516858,0.5552584292
0.0002362527735,laser0,200,112.3479375,0.5617396877
0.0002363909638,laser0,200,102.9119297,0.5145596486
0.0002365439965,laser0,200,102.5907076,0.5129535382
0.0002366785319,laser0,200,105.2575642,0.526287821
0.0002367989138,laser0,200,103.0700359,0.5153501794
0.0002368996855,laser0,200,101.5880406,0.5079402031
0.0002370017206,laser0,200,109.7186229,0.5485931143
0.0002371000741,laser0,200,110.8756002,0.5543780008
0.000237195659,laser0,200,106.1767948,0.530883974
0.0002372904787,laser0,200,110.0661807,0.5503309034
0.0002373659428,laser0,200,111.2125909,0.5560629543
0.0002374515047,laser0,200,101.5887955,0.5079439776
0.0002375483964,laser0,200,100.0643572,0.500321786
0.0002376570223,laser0,200,101.4713762,0.5073568809
0.0002377753137,laser0,200,100.0585794,0.5002928972
0.0002378924841,laser0,200,104.4732288,0.5223661439
0.0002380126665,laser0,200,103.7266155,0.5186330774
0.0002381357997,laser0,200,107.1435636,0.5357178178
0.000238263333,laser0,200,105.4377489,0.5271887444
0.0002383930723,laser0,200,107.5151615,0.5375758077
0.0002385270326,laser0,200,106.0405582,0.5302027911
0.0002386673124,laser0,200,104.8666301,0.5243331505
0.0002388159156,laser0,200,102.8179223,0.5140896114
0.0002389730946,laser0,200,109.3207782,0.5466038908
0.0002391395288,laser0,200,108.6729733,0.5433648666
0.0002393138772,laser0,200,99.44187711,0.4972093856
0.0002395013169,laser0,200,101.3649426,0.5068247128
0.000239695373,laser0,200,98.86531726,0.4943265863
0.0002398987958,laser0,200,99.29848062,0.4964924031
0.0002400941015,laser0,200,101.5573927,0.5077869636
0.0002402826527,laser0,200,104.4354897,0.5221774486
0.0002404673392,laser0,200,104.0896186,0.5204480931
0.0002406395958,laser0,200,110.3963794,0.5519818972
0.000240812738,laser0,200,105.3221532,0.526610766
0.0002409835731,laser0,200,109.005134,0.5450256702
0.0002411527466,laser0,200,109.4277395,0.5471386975
0.0002413275028,laser0,200,108.3813127,0.5419065633
0.0002415139721,laser0,200,105.4274327,0.5271371637
0.0002417212762,laser0,200,104.4329856,0.522164928
0.0002418606194,laser0,200,104.0504595,0.5202522973
0.0002420020993,laser0,200,101.8462434,0.5092312172
0.0002421332661,laser0,200,102.1759244,0.5108796222
0.0002422590087,laser0,200,109.0737509,0.5453687545
0.0002423829825,laser0,200,109.1005207,0.5455026037
0.0002425070605,laser0,200,105.7998753,0.5289993765
0.0002426338092,laser0,200,107.9778787,0.5398893935
0.0002427655578,laser0,200,110.0246212,0.5501231058
0.0002429001409,laser0,200,109.5194504,0.5475972521
0.0002430438378,laser0,200,109.1003112,0.545501556
0.0002431796808,laser0,200,106.7739305,0.5338696523
0.0002433076337,laser0,200,104.7281548,0.5236407738
0.0002434414177,laser0,200,109.3513719,0.5467568596
0.0002435696202,laser0,200,115.8859525,0.5794297625
0.0002436892202,laser0,200,117.6390204,0.5881951021
0.0002437989835,laser0,200,115.0737169,0.5753685847
0.0002439044861,laser0,200,111.1455099,0.5557275494
0.0002440038625,laser0,200,108.2070802,0.5410354009
0.000244101692,laser0,200,112.1371138,0.5606855692
0.0002441960475,laser0,200,110.0203328,0.550101664
0.0002442881022,laser0,200,103.0199591,0.5150997953
0.0002443796861,laser0,200,111.4208629,0.5571043143
0.0002444640916,laser0,200,115.1079187,0.5755395934
0.0002445418336,laser0,200,115.2295971,0.5761479855
0.0002446284634,laser0,200,110.6919561,0.5534597805
0.0002447109474,laser0,200,111.3346961,0.5566734806
0.0002447920197,laser0,200,109.1243164,0.5456215821
0.0002448789062,laser0,200,110.5015307,0.5525076534
0.0002449732659,laser0,200,106.2497731,0.5312488653
0.0002450756128,laser0,200,109.6877394,0.5484386969
0.0002451870939,laser0,200,110.8412091,0.5542060456
0.0002453100066,laser0,200,109.720529,0.548602645
0.0002454360226,laser0,200,108.8357804,0.5441789021
0.000245548235,laser0,200,115.0834312,0.575417156
0.0002456521506,laser0,200,120.8994705,0.6044973526
0.0002457530658,laser0,200,120.1203714,0.6006018572
0.0002458540482,laser0,200,119.2345288,0.5961726439
0.0002459617599,laser0,200,117.6895524,0.588447762
0.0002460763035,laser0,200,125.6009073,0.6280045367
0.0002461887341,laser0,200,121.3342527,0.6066712634
0.0002462943647,laser0,200,117.2927087,0.5864635437
0.0002463946893,laser0,200,116.8225318,0.584112659
0.0002464843653,laser0,200,117.8848825,0.5894244126
0.0002465620381,laser0,200,119.3421951,0.5967109756
0.0002466363622,laser0,200,118.8247178,0.594123589
0.0002467140549,laser0,200,115.3639659,0.5768198294
0.000246792762,laser0,200,116.8625023,0.5843125115
0.0002468722379,laser0,200,117.6843789,0.5884218945
0.0002469518358,laser0,200,116.6539173,0.5832695864
0.0002470323759,laser0,200,115.1366255,0.5756831276
0.0002471143078,laser0,200,116.9815854,0.5849079271
0.0002471968786,laser0,200,116.4269988,0.582134994
0.0002472791678,laser0,200,112.2865961,0.5614329805
0.0002473617295,laser0,200,113.6381766,0.568190883
0.0002474449442,laser0,200,114.3768588,0.5718842941
0.0002475279053,laser0,200,111.1447711,0.5557238556
0.0002476114511,laser0,200,112.4833857,0.5624169285
0.0002476963273,laser0,200,113.1765347,0.5658826734
0.0002477828955,laser0,200,114.321566,0.5716078302
0.0002478713783,laser0,200,113.656034,0.56828017
0.0002479621072,laser0,200,110.786976,0.5539348798
0.0002480553226,laser0,200,110.4293969,0.5521469847
0.0002481514394,laser0,200,110.4592164,0.5522960821
0.0002482502145,laser0,200,113.3590827,0.5667954135
0.0002483513911,laser0,200,114.0709897,0.5703549487
0.0002484550645,laser0,200,112.9823533,0.5649117663
0.0002485613768,laser0,200,113.2679486,0.5663397431
0.0002486709938,laser0,200,120.2346299,0.6011731497
0.000248784472,laser0,200,117.0658236,0.5853291182
0.000248900967,laser0,200,113.700103,0.5685005148
0.0002490214,laser0,200,120.6132058,0.603066029
0.0002491467091,laser0,200,112.7256938,0.563628469
0.000249277394,laser0,200,109.01034,0.5450516999
0.0002494146139,laser0,200,108.4450127,0.5422250637
0.0002495589107,laser0,200,111.1775437,0.5558877183
0.0002497108513,laser0,200,106.6524655,0.5332623275
0.0002498318197,laser0,200,104.644212,0.5232210602
0.0002499579203,laser0,200,105.7480159,0.5287400794
0.0002500872839,laser0,200,104.6221603,0.5231108017
0.0002502128106,laser0,200,104.4675151,0.5223375756
0.00025034677,laser0,200,104.1340128,0.5206700638
0.0002504962404,laser0,200,111.1571297,0.5557856485
0.0002506515731,laser0,200,105.9315145,0.5296575727
0.0002508097263,laser0,200,101.1565284,0.5057826419
0.0002509713041,laser0,200,105.8401065,0.5292005324
0.0002511344493,laser0,200,109.2630037,0.5463150186
0.0002512990548,laser0,200,106.9367053,0.5346835264
0.0002513909096,laser0,200,105.5171902,0.5275859511
0.0002514699264,laser0,200,108.9722171,0.5448610853
0.0002515382828,laser0,200,108.9631086,0.5448155432
0.0002516036781,laser0,200,111.1126491,0.5555632456
0.0002516694977,laser0,200,109.9814676,0.5499073381
0.0002517373034,laser0,200,111.0153117,0.5550765585
0.0002517981625,laser0,200,113.1650781,0.5658253906
0.0002518669127,laser0,200,111.7916376,0.5589581882
0.0002519434136,laser0,200,109.9515745,0.5497578727
0.0002520186838,laser0,200,111.4943633,0.5574718164
0.0002520930635,laser0,200,110.7763707,0.5538818536
0.0002521706021,laser0,200,108.593335,0.5429666752
0.0002522514255,laser0,200,109.501707,0.5475085348
0.0002523292908,laser0,200,108.2416821,0.5412084104
0.0002524046119,laser0,200,104.187375,0.5209368751
0.0002524821102,laser0,200,104.1606471,0.5208032356
0.0002525639286,laser0,200,105.3384549,0.5266922747
0.000252652188,laser0,200,104.0103561,0.5200517805
0.00025274606,laser0,200,106.2568908,0.5312844541
0.0002528439708,laser0,200,103.3973861,0.5169869307
0.0002529528577,laser0,200,107.3909398,0.5369546988
0.0002530712934,laser0,200,105.1541823,0.5257709113
0.0002531827733,laser0,200,108.435652,0.5421782602
0.0002532705576,laser0,200,104.5518169,0.5227590845
0.0002533612999,laser0,200,99.2008633,0.4960043165
0.000253453324,laser0,200,98.04937294,0.4902468647
0.0002535470001,laser0,200,95.40742018,0.4770371009
0.0002536445304,laser0,200,96.71870221,0.483593511
0.0002537482774,laser0,200,97.08075267,0.4854037633
0.0002538550541,laser0,200,103.5572688,0.5177863439
0.0002539741405,laser0,200,114.6875034,0.5734375168
0.0002540948116,laser0,200,116.2533528,0.5812667641
0.0002542238567,laser0,200,113.0777207,0.5653886035
0.0002543478368,laser0,200,112.7711569,0.5638557844
0.0002544731143,laser0,200,110.0838457,0.5504192284
0.0002546027441,laser0,200,104.2804218,0.5214021089
0.0002547355226,laser0,200,105.3338746,0.5266693729
0.0002548367631,laser0,200,106.5800618,0.5329003092
0.0002549504483,laser0,200,104.1121068,0.5205605338
0.0002550771135,laser0,200,100.8636974,0.5043184869
0.0002552042704,laser0,200,102.8726918,0.514363459
0.0002553249213,laser0,200,105.4156289,0.5270781445
0.0002554360555,laser0,200,106.5674399,0.5328371995
0.0002555320067,laser0,200,111.38125,0.5569062499
0.0002556263543,laser0,200,107.7743233,0.5388716163
0.0002557212926,laser0,200,108.829051,0.5441452552
0.0002558184623,laser0,200,104.9586932,0.5247934661
0.0002559188313,laser0,200,108.6335473,0.5431677366
0.0002560239577,laser0,200,113.4082711,0.5670413557
0.0002561329547,laser0,200,113.5861067,0.5679305335
0.0002562444985,laser0,200,112.2914934,0.5614574672
0.0002563456063,laser0,200,112.317031,0.561585155
0.0002564404666,laser0,200,112.1030364,0.5605151822
0.000256530684,laser0,200,116.3832572,0.581916286
0.0002566155,laser0,200,114.8526646,0.5742633231
0.000256692781,laser0,200,111.52556,0.5576278001
0.000256769508,laser0,200,113.3859178,0.5669295892
0.0002568437451,laser0,200,118.2560768,0.5912803838
0.0002569137911,laser0,200,118.2578218,0.5912891092
0.000256978735,laser0,200,117.8186885,0.5890934426
0.0002570420584,laser0,200,117.8537243,0.5892686215
0.000257104162,laser0,200,114.2874467,0.5714372337
0.0002571657656,laser0,200,116.196993,0.580984965
0.0002572274534,laser0,200,117.9761805,0.5898809025
0.0002572902237,laser0,200,113.40328,0.5670164
0.0002573548786,laser0,200,114.6941915,0.5734709576
0.0002574214514,laser0,200,112.9193856,0.5645969281
0.0002574905634,laser0,200,112.9604859,0.5648024295
0.0002575622144,laser0,200,112.4422775,0.5622113873
0.0002576368099,laser0,200,113.2727711,0.5663638554
0.0002577141149,laser0,200,113.0196255,0.5650981273
0.0002577909127,laser0,200,112.3713632,0.5618568159
0.0002578676865,laser0,200,114.5207178,0.572603589
0.0002579449846,laser0,200,112.3358374,0.5616791869
0.0002580227232,laser0,200,112.7677196,0.5638385979
0.0002581002927,laser0,200,113.5034358,0.5675171788
0.0002581797016,laser0,200,109.0329536,0.5451647679
0.0002582594811,laser0,200,106.3441356,0.5317206782
0.0002583396548,laser0,200,113.1510825,0.5657554124
0.0002584211206,laser0,200,109.9885787,0.5499428935
0.000258504093,laser0,200,116.2261849,0.5811309246
0.0002585887264,laser0,200,110.7652141,0.5538260703
0.0002586751633,laser0,200,106.6182866,0.5330914331
0.0002587634501,laser0,200,103.8506648,0.5192533239
0.0002588544778,laser0,200,106.9158796,0.5345793982
0.0002589488533,laser0,200,110.8240738,0.5541203688
0.0002590464225,laser0,200,109.2142209,0.5460711043
0.0002591460236,laser0,200,110.3292804,0.5516464022
0.0002592484221,laser0,200,111.5254369,0.5576271847
0.0002593538449,laser0,200,106.8774707,0.5343873537
0.0002594631281,laser0,200,110.5991431,0.5529957156
0.0002595764397,laser0,200,111.7689093,0.5588445463
0.0002596947273,laser0,200,111.177918,0.5558895902
0.0002598196251,laser0,200,113.3615736,0.5668078681
0.0002599522219,laser0,200,111.8513754,0.5592568772
0.0002600927063,laser0,200,112.5204307,0.5626021534
0.0002602420836,laser0,200,110.5425667,0.5527128334
0.0002604045501,laser0,200,112.7843189,0.5639215947
0.0002605624999,laser0,200,116.7286218,0.583643109
0.0002607102337,laser0,200,115.0830494,0.5754152468
0.0002608499277,laser0,200,114.311147,0.571555735
0.0002609851743,laser0,200,116.7269822,0.5836349108
0.0002611176566,laser0,200,117.9415401,0.5897077003
0.0002612494505,laser0,200,115.5552626,0.5777763129
0.0002613825177,laser0,200,114.5647744,0.572823872
0.0002615164281,laser0,200,111.6013845,0.5580069225
0.0002616433416,laser0,200,108.3586669,0.5417933346
0.0002617647711,laser0,200,114.6922556,0.573461278
0.0002618829092,laser0,200,111.2165546,0.5560827729
0.0002620001721,laser0,200,110.0216247,0.5501081235
0.0002621185284,laser0,200,105.4510768,0.5272553841
0.0002622396665,laser0,200,107.5383402,0.537691701
0.0002623648301,laser0,200,106.555096,0.5327754801
0.0002624907727,laser0,200,110.0954901,0.5504774504
0.0002626158774,laser0,200,112.3346892,0.5616734462
0.0002627422321,laser0,200,114.8859072,0.5744295361
0.0002628709068,laser0,200,113.1515042,0.565757521
0.0002630027934,laser0,200,116.2248557,0.5811242784
0.0002631398339,laser0,200,118.6267289,0.5931336444
0.000263284929,laser0,200,114.1894747,0.5709473737
0.0002634400147,laser0,200,113.0164794,0.565082397
0.0002636016697,laser0,200,116.8977132,0.5844885662
0.0002637765671,laser0,200,111.1012325,0.5555061624
0.0002639690744,laser0,200,109.3340537,0.5466702685
0.000264178344,laser0,200,106.9855957,0.5349279786
0.0002643766947,laser0,200,111.0240097,0.5551200485
0.0002645554789,laser0,200,108.5207219,0.5426036095
0.0002646965914,laser0,200,109.9809381,0.5499046906
0.0002648283415,laser0,200,104.2513227,0.5212566133
0.0002649752559,laser0,200,103.9704788,0.519852394
0.0002651270517,laser0,200,103.2480083,0.5162400414
0.0002652827883,laser0,200,108.2136743,0.5410683713
0.0002654453483,laser0,200,102.0324958,0.510162479
0.000265625974,laser0,200,105.0485138,0.5252425692
0.0002658179574,laser0,200,100.5503869,0.5027519345
0.000266008246,laser0,200,103.4920242,0.5174601211
0.0002661969973,laser0,200,103.157311,0.5157865548
0.0002663566768,laser0,200,106.057604,0.5302880202
0.0002664660315,laser0,200,107.0376804,0.535188402
0.0002665803455,laser0,200,97.67419457,0.4883709728
0.000266699963,laser0,200,92.11450981,0.4605725491
0.0002668224277,laser0,200,96.04354008,0.4802177004
0.0002669324611,laser0,200,100.8039108,0.5040195538
0.0002670326958,laser0,200,95.76410448,0.4788205224
0.0002671212045,laser0,200,104.0764375,0.5203821873
0.0002671989406,laser0,200,104.4157583,0.5220787917
0.0002672761426,laser0,200,108.5852845,0.5429264227
0.0002673464819,laser0,200,113.6015504,0.5680077521
0.00026741841,laser0,200,115.4601127,0.5773005635
0.0002674921389,laser0,200,117.0264219,0.5851321095
0.0002675703403,laser0,200,117.3286085,0.5866430427
0.0002676549284,laser0,200,112.8643752,0.5643218762
0.0002677450143,laser0,200,117.1742708,0.5858713538
0.0002678403332,laser0,200,110.172637,0.550863185
0.0002679429873,laser0,200,107.4927409,0.5374637045
0.0002680446979,laser0,200,108.9739156,0.5448695781
0.0002681497554,laser0,200,100.4547644,0.5022738218
0.0002682528162,laser0,200,102.801612,0.5140080599
0.000268354955,laser0,200,104.7522487,0.5237612437
0.0002684513075,laser0,200,103.4909407,0.5174547035
0.0002685471582,laser0,200,106.356189,0.5317809449
0.0002686454593,laser0,200,107.6053292,0.5380266461
0.0002687415983,laser0,200,116.3845248,0.5819226241
0.0002688433786,laser0,200,108.4011295,0.5420056477
0.00026895226,laser0,200,110.3446973,0.5517234866
0.0002690666012,laser0,200,111.3602995,0.5568014976
0.0002691872721,laser0,200,110.0959955,0.5504799773
0.0002693086674,laser0,200,111.4289056,0.5571445282
0.0002694353546,laser0,200,110.0814737,0.5504073686
0.000269568363,laser0,200,108.1712203,0.5408561015
0.0002697091961,laser0,200,109.0891192,0.545445596
0.0002698574371,laser0,200,113.6752334,0.5683761672
0.0002700009735,laser0,200,108.1279042,0.540639521
0.0002701457661,laser0,200,103.5664415,0.5178322074
0.0002702964224,laser0,200,105.2256502,0.526128251
0.0002704579759,laser0,200,104.6950563,0.5234752815
0.0002706001105,laser0,200,102.7937266,0.5139686329
0.0002707360767,laser0,200,104.9548982,0.5247744912
0.0002708850311,laser0,200,111.9467728,0.5597338642
0.0002710448111,laser0,200,114.1021515,0.5705107575
0.0002711979838,laser0,200,116.3232982,0.5816164909
0.0002713503367,laser0,200,113.2547537,0.5662737685
0.0002715043148,laser0,200,108.8630935,0.5443154674
0.0002716644272,laser0,200,112.145658,0.5607282902
0.0002718175253,laser0,200,113.7687464,0.568843732
0.0002719661313,laser0,200,115.9219517,0.5796097586
0.0002721138265,laser0,200,119.0557863,0.5952789315
0.0002722681757,laser0,200,116.0805505,0.5804027523
0.0002724281074,laser0,200,110.5737626,0.5528688132
0.0002725843957,laser0,200,105.4420866,0.527210433
0.0002727408613,laser0,200,104.1850425,0.5209252125
0.0002729002692,laser0,200,103.4157845,0.5170789226
0.0002730616686,laser0,200,101.2864508,0.5064322538
0.0002732241472,laser0,200,98.32443054,0.4916221527
0.000273404957,laser0,200,103.5184893,0.5175924466
0.0002735739843,laser0,200,101.1561205,0.5057806025
0.0002737087258,laser0,200,101.3371357,0.5066856785
0.0002738587664,laser0,200,104.9914336,0.5249571679
0.0002740258688,laser0,200,115.5420079,0.5777100396
0.0002742093221,laser0,200,109.4597361,0.5472986804
0.0002743816985,laser0,200,111.8548489,0.5592742446
0.000274550403,laser0,200,118.2010685,0.5910053426
0.0002747003701,laser0,200,114.0984809,0.5704924044
0.0002748366411,laser0,200,111.6193419,0.5580967096
0.0002749706279,laser0,200,112.1934514,0.5609672571
0.0002751056979,laser0,200,111.6719085,0.5583595423
0.0002752431022,laser0,200,110.2529633,0.5512648166
0.0002753883342,laser0,200,114.6780612,0.5733903061
0.0002755334105,laser0,200,105.9319895,0.5296599477
0.0002756806313,laser0,200,104.1822315,0.5209111575
0.0002758306212,laser0,200,109.5005014,0.5475025071
0.0002759768577,laser0,200,108.4169209,0.5420846043
0.0002761144384,laser0,200,113.6654896,0.568327448
0.0002762457508,laser0,200,110.8071734,0.5540358672
0.0002763653796,laser0,200,107.3992663,0.5369963314
0.0002764749948,laser0,200,107.7019584,0.5385097918
0.0002765821685,laser0,200,107.3420955,0.5367104775
0.0002766894751,laser0,200,112.4584795,0.5622923973
0.0002768036041,laser0,200,110.3049277,0.5515246386
0.00027691752,laser0,200,103.914126,0.51957063
0.0002770323145,laser0,200,108.5245569,0.5426227846
0.0002771397171,laser0,200,104.7505718,0.5237528589
0.0002772560833,laser0,200,104.5246687,0.5226233434
0.0002773854241,laser0,200,105.548791,0.5277439548
0.0002775131083,laser0,200,100.5977954,0.502988977
0.0002776353212,laser0,200,100.2760713,0.5013803563
0.0002777472369,laser0,200,101.6949032,0.5084745158
0.0002778534829,laser0,200,105.5980964,0.527990482
0.0002779592666,laser0,200,108.1668908,0.5408344538
0.0002780664726,laser0,200,107.2360447,0.5361802236
0.0002781737692,laser0,200,111.468067,0.5573403348
0.0002782780543,laser0,200,116.2304955,0.5811524775
0.0002783880961,laser0,200,120.2726099,0.6013630497
0.0002785028898,laser0,200,120.0703622,0.6003518112
0.0002786235128,laser0,200,119.6606861,0.5983034304
0.0002787532719,laser0,200,120.764894,0.6038244699
0.0002788815375,laser0,200,116.7448521,0.5837242605
0.0002790120353,laser0,200,122.8964466,0.6144822329
0.000279120224,laser0,200,121.0021678,0.605010839
0.0002792085361,laser0,200,123.6732466,0.618366233
0.0002792900383,laser0,200,117.684979,0.588424895
0.0002793732742,laser0,200,117.3104579,0.5865522894
0.0002794609637,laser0,200,122.6306644,0.6131533219
0.0002795497062,laser0,200,123.0403065,0.6152015323
0.000279636206,laser0,200,117.3842753,0.5869213764
0.0002797267894,laser0,200,117.4968883,0.5874844413
0.0002798187604,laser0,200,116.3270569,0.5816352847
0.000279913103,laser0,200,111.787895,0.5589394749
0.0002800101619,laser0,200,113.8450053,0.5692250263
0.0002801126433,laser0,200,114.3885894,0.5719429469
0.0002802229738,laser0,200,106.0895447,0.5304477236
0.000280344165,laser0,200,104.259511,0.5212975551
0.0002804758034,laser0,200,101.0143505,0.5050717524
0.0002806078214,laser0,200,95.7340487,0.4786702435
0.0002807400649,laser0,200,101.7082723,0.5085413614
0.0002808696676,laser0,200,106.4655802,0.5323279009
0.0002810003723,laser0,200,99.12965228,0.4956482614
0.0002811328764,laser0,200,106.5563272,0.5327816362
0.000281253146,laser0,200,106.9520116,0.5347600582
0.0002813667368,laser0,200,104.6848631,0.5234243153
0.0002814810644,laser0,200,107.2625291,0.5363126456
0.0002815998332,laser0,200,104.3081644,0.5215408222
0.0002817235626,laser0,200,103.2126442,0.5160632209
0.0002818487151,laser0,200,102.6865732,0.5134328662
0.0002819776291,laser0,200,114.8504311,0.5742521556
0.0002821152406,laser0,200,115.4490221,0.5772451106
0.0002822473585,laser0,200,112.9299473,0.5646497364
0.0002823862728,laser0,200,111.3100311,0.5565501557
0.0002825199916,laser0,200,105.2009501,0.5260047506
0.0002826497597,laser0,200,100.2124802,0.5010624011
0.0002827791622,laser0,200,99.48595136,0.4974297568
0.0002829120203,laser0,200,107.5711263,0.5378556317
0.0002830518088,laser0,200,120.870249,0.6043512451
0.000283203827,laser0,200,106.6741153,0.5333705767
0.0002833303429,laser0,200,101.2515813,0.5062579065
0.0002834651119,laser0,200,108.7869182,0.5439345911
0.0002836155438,laser0,200,114.3968077,0.5719840386
0.000283782763,laser0,200,119.488471,0.5974423551
0.0002839557855,laser0,200,121.1632595,0.6058162974
0.0002841280726,laser0,200,116.220413,0.581102065
0.0002843033428,laser0,200,114.7584139,0.5737920694
0.0002844657179,laser0,200,117.1310034,0.5856550168
0.0002846211986,laser0,200,114.8279132,0.5741395659
0.0002847693034,laser0,200,116.5278663,0.5826393317
0.0002848979137,laser0,200,117.3407797,0.5867038986
0.0002850196053,laser0,200,116.0205676,0.5801028379
0.0002851005183,laser0,200,121.2935792,0.606467896
0.0002851903868,laser0,200,121.7821799,0.6089108994
0.0002852856484,laser0,200,121.6545445,0.6082727225
0.0002853744264,laser0,200,123.3037248,0.6165186242
0.0002854556817,laser0,200,123.2379165,0.6161895827
0.0002855313256,laser0,200,119.0015548,0.5950077741
0.0002856132944,laser0,200,123.6893562,0.6184467812
0.0002857013459,laser0,200,116.9212662,0.5846063311
0.0002857871001,laser0,200,118.611746,0.59305873
0.0002858740648,laser0,200,117.4291364,0.5871456821
0.0002859710622,laser0,200,119.7299078,0.5986495391
0.0002860733446,laser0,200,119.9179997,0.5995899984
0.0002861790118,laser0,200,116.8987427,0.5844937134
0.0002862838972,laser0,200,124.6528369,0.6232641847
0.000286390704,laser0,200,118.8991548,0.5944957738
0.0002864974623,laser0,200,116.6805455,0.5834027275
0.0002866051011,laser0,200,113.1237027,0.5656185135
0.000286712834,laser0,200,110.5810814,0.5529054072
0.0002868200882,laser0,200,109.2013544,0.5460067719
0.0002869254283,laser0,200,106.8005014,0.5340025071
0.0002870321722,laser0,200,103.9008223,0.5195041115
0.000287138879,laser0,200,107.6239253,0.5381196267
0.0002872423685,laser0,200,115.6809765,0.5784048823
0.0002873472608,laser0,200,107.2450233,0.5362251167
0.000287452171,laser0,200,106.8120256,0.5340601281
0.0002875584489,laser0,200,110.1685136,0.5508425682
0.0002876643255,laser0,200,111.1496332,0.5557481658
0.0002877714376,laser0,200,120.0196626,0.6000983132
0.0002878801987,laser0,200,117.1368998,0.5856844988
0.00028799176,laser0,200,120.7752065,0.6038760324
0.0002881068357,laser0,200,116.8157008,0.5840785042
0.0002882256288,laser0,200,116.7943877,0.5839719384
0.0002883465575,laser0,200,113.3404604,0.5667023021
0.0002884715432,laser0,200,109.0299011,0.5451495056
0.0002885970662,laser0,200,115.9726078,0.5798630388
0.0002887250536,laser0,200,109.3781319,0.5468906595
0.000288854988,laser0,200,106.9344959,0.5346724797
0.0002889772529,laser0,200,102.6260749,0.5131303744
0.0002890965996,laser0,200,102.1956215,0.5109781074
0.0002892084163,laser0,200,98.5148904,0.492574452
0.0002893198921,laser0,200,102.630008,0.5131500398
0.0002894291483,laser0,200,100.3962312,0.5019811559
0.0002895372421,laser0,200,99.71336999,0.4985668499
0.000289646829,laser0,200,102.3926679,0.5119633397
0.0002897576597,laser0,200,102.0351439,0.5101757193
0.0002898698487,laser0,200,99.9184941,0.4995924705
0.0002899841935,laser0,200,99.60398019,0.498019901
0.0002901006193,laser0,200,101.4401808,0.507200904
0.0002902185569,laser0,200,98.58785479,0.492939274
0.0002903350953,laser0,200,98.48172127,0.4924086063
0.0002904501188,laser0,200,98.32377217,0.4916188608
0.0002905648542,laser0,200,100.8009624,0.5040048121
0.0002906810675,laser0,200,98.34412939,0.4917206469
0.000290800549,laser0,200,102.6028505,0.5130142527
0.0002909252666,laser0,200,103.4678512,0.5173392561
0.0002910575263,laser0,200,104.1610341,0.5208051704
0.0002912002451,laser0,200,107.4429403,0.5372147015
0.0002913512425,laser0,200,103.4606008,0.5173030041
0.00029150786,laser0,200,105.4914333,0.5274571665
0.0002916642996,laser0,200,105.1010038,0.5255050189
0.0002918208387,laser0,200,108.7540029,0.5437700143
0.0002919787447,laser0,200,113.3692858,0.5668464289
0.0002921395048,laser0,200,110.1515305,0.5507576526
0.0002923060723,laser0,200,107.5672987,0.5378364935
0.0002924845735,laser0,200,96.92052222,0.4846026111
0.0002926558425,laser0,200,100.4543703,0.5022718517
0.0002928298755,laser0,200,103.8977942,0.5194889712
0.0002930232177,laser0,200,101.048153,0.5052407651
0.0002932346741,laser0,200,96.89590999,0.4844795499
0.000293349351,laser0,200,98.43178699,0.4921589349
0.0002934635267,laser0,200,93.09612144,0.4654806072
0.0002935780232,laser0,200,98.46938219,0.4923469109
0.0002936948045,laser0,200,99.75723915,0.4987861957
0.0002938165901,laser0,200,98.61304581,0.4930652291
0.000293947954,laser0,200,96.18382888,0.4809191444
0.0002940904091,laser0,200,105.4259136,0.5271295679
0.000294243355,laser0,200,104.5988969,0.5229944845
0.0002944092451,laser0,200,104.4031045,0.5220155224
0.0002945940695,laser0,200,109.0041461,0.5450207304
0.0002946925876,laser0,200,109.2379052,0.5461895259
0.0002947907007,laser0,200,113.4385632,0.5671928158
0.000294900455,laser0,200,115.4158408,0.5770792042
0.0002950153192,laser0,200,115.3100944,0.5765504718
0.0002951184996,laser0,200,115.2174682,0.5760873411
0.0002952212299,laser0,200,119.3227462,0.5966137311
0.0002953153556,laser0,200,116.5115124,0.5825575619
0.0002954008249,laser0,200,110.5176243,0.5525881216
0.0002954804226,laser0,200,116.1958559,0.5809792794
0.0002955642271,laser0,200,116.8669991,0.5843349957
0.0002956494966,laser0,200,115.1282486,0.5756412432
0.0002957365739,laser0,200,112.7072943,0.5635364717
0.0002958268607,laser0,200,108.5311242,0.542655621
0.0002959204131,laser0,200,108.3513673,0.5417568363
0.0002960128049,laser0,200,109.611419,0.548057095
0.0002961088575,laser0,200,120.5142894,0.6025714472
0.0002962066761,laser0,200,124.8326406,0.6241632031
0.0002963073118,laser0,200,108.8030583,0.5440152913
0.0002964130754,laser0,200,106.8848191,0.5344240954
0.0002965252304,laser0,200,111.4439571,0.5572197853
0.0002966433415,laser0,200,117.365204,0.5868260202
0.0002967715982,laser0,200,112.7515824,0.5637579121
0.0002969068565,laser0,200,114.911185,0.5745559249
0.0002970532208,laser0,200,115.5068548,0.5775342738
0.000297182835,laser0,200,113.8413145,0.5692065724
0.0002972977757,laser0,200,106.1212636,0.5306063178
0.000297397655,laser0,200,107.3608096,0.5368040478
0.0002974871861,laser0,200,108.4248924,0.5421244618
0.0002975764517,laser0,200,109.025692,0.5451284598
0.0002976628088,laser0,200,110.6213032,0.5531065159
0.0002977477618,laser0,200,112.5832662,0.5629163311
0.0002978321829,laser0,200,113.2791814,0.566395907
0.0002979166221,laser0,200,115.4542947,0.5772714734
0.0002980046189,laser0,200,114.9462285,0.5747311423
0.0002980920252,laser0,200,117.0564521,0.5852822603
0.0002981789582,laser0,200,119.609932,0.5980496598
0.0002982666492,laser0,200,116.5748378,0.5828741888
0.0002983541451,laser0,200,112.9522785,0.5647613927
0.0002984427757,laser0,200,110.5689146,0.5528445731
0.0002985330067,laser0,200,118.8360071,0.5941800355
0.0002986272806,laser0,200,116.9069605,0.5845348023
0.0002987234289,laser0,200,120.0758563,0.6003792814
0.0002988211666,laser0,200,121.7798571,0.6088992856
0.0002989178214,laser0,200,119.3619498,0.596809749
0.0002990145544,laser0,200,118.9353059,0.5946765294
0.0002991139794,laser0,200,115.9919173,0.5799595867
0.0002992178667,laser0,200,114.6428091,0.5732140456
0.0002993256482,laser0,200,119.097398,0.5954869901
0.000299440357,laser0,200,117.1895316,0.585947658
0.0002995658328,laser0,200,113.9147819,0.5695739094
0.0002996942149,laser0,200,115.1715388,0.5758576938
0.0002998238863,laser0,200,111.0039642,0.5550198208
0.0002999563905,laser0,200,114.9654233,0.5748271167
0.0003000932037,laser0,200,117.7536894,0.588768447
0.0003002339093,laser0,200,116.2700299,0.5813501496
0.0003003767756,laser0,200,118.1170458,0.590585229
0.0003005237145,laser0,200,110.4409911,0.5522049555
0.0003006775798,laser0,200,107.9110915,0.5395554575
0.000300833239,laser0,200,106.8672891,0.5343364454
0.0003009849879,laser0,200,106.1973481,0.5309867404
0.0003011380153,laser0,200,106.7620616,0.5338103081
0.0003012944744,laser0,200,103.8117678,0.5190588388
0.0003014562647,laser0,200,96.75732174,0.4837866087
0.000301627352,laser0,200,105.7804049,0.5289020243
0.0003018093583,laser0,200,100.8351072,0.5041755362
0.0003019931534,laser0,200,92.34271211,0.4617135605
0.0003021555937,laser0,200,92.39059556,0.4619529778
0.0003023072679,laser0,200,97.16994806,0.4858497403
0.0003024560733,laser0,200,96.94278997,0.4847139499
0.0003026092172,laser0,200,103.6267709,0.5181338547
0.0003027671548,laser0,200,98.9692661,0.4948463305
0.0003029216486,laser0,200,103.893399,0.5194669951
0.0003030765212,laser0,200,104.231309,0.5211565452
0.0003032106323,laser0,200,98.24819859,0.491240993
0.0003033445833,laser0,200,97.5765766,0.487882883
0.0003034845313,laser0,200,107.0050522,0.5350252608
0.000303637132,laser0,200,104.846246,0.5242312301
0.0003037997642,laser0,200,102.8250164,0.5141250818
0.0003039717548,laser0,200,101.7945871,0.5089729355
0.0003041530545,laser0,200,100.2291562,0.5011457811
0.0003043296071,laser0,200,102.357017,0.5117850852
0.0003045166887,laser0,200,107.9147002,0.5395735011
0.0003046703327,laser0,200,111.3306658,0.5566533291
0.0003047713449,laser0,200,121.4573575,0.6072867877
0.0003048785108,laser0,200,124.1706324,0.6208531618
0.0003049951799,laser0,200,122.3391858,0.6116959291
0.0003051248693,laser0,200,124.2748554,0.621374277
0.000305260548,laser0,200,129.6873201,0.6484366003
0.000305399766,laser0,200,122.9747383,0.6148736917
0.0003055517875,laser0,200,120.2721938,0.6013609689
0.0003056955613,laser0,200,115.3604173,0.5768020864
0.0003058413017,laser0,200,118.6243764,0.5931218819
0.0003059975851,laser0,200,114.9341359,0.5746706797
0.0003061554125,laser0,200,123.0339683,0.6151698414
0.0003063020722,laser0,200,120.199724,0.60099862
0.0003064387704,laser0,200,116.992449,0.5849622448
0.0003065683859,laser0,200,117.6771782,0.5883858908
0.0003066907874,laser0,200,111.875926,0.5593796302
0.0003068067299,laser0,200,113.2724041,0.5663620207
0.000306919334,laser0,200,112.2316134,0.561158067
0.0003070239797,laser0,200,108.4600059,0.5423000297
0.0003071260533,laser0,200,104.2303631,0.5211518155
0.0003072319554,laser0,200,103.8632181,0.5193160906
0.0003073430729,laser0,200,103.5659135,0.5178295676
0.0003074534324,laser0,200,110.4059022,0.5520295111
0.000307562574,laser0,200,112.8108483,0.5640542413
0.0003076641317,laser0,200,115.2153771,0.5760768854
0.0003077660182,laser0,200,115.9786411,0.5798932057
0.0003078680832,laser0,200,118.0344799,0.5901723997
0.0003079699193,laser0,200,107.7969767,0.5389848836
0.0003080730664,laser0,200,107.9700734,0.5398503672
0.000308188245,laser0,200,105.9101953,0.5295509763
0.000308307608,laser0,200,109.1470778,0.5457353891
0.0003084291785,laser0,200,102.9711155,0.5148555774
0.0003085527284,laser0,200,103.5954315,0.5179771575
0.0003086817293,laser0,200,101.5302042,0.5076510208
0.0003088161706,laser0,200,101.9551064,0.5097755321
0.0003089525485,laser0,200,103.6095963,0.5180479816
0.0003089763329,laser0,200,103.3779392,0.5168896961
0.0003090048742,laser0,200,104.027565,0.520137825
0.0003090391238,laser0,200,106.9392112,0.5346960562
0.0003090802233,laser0,200,105.5932134,0.5279660668
0.0003091295426,laser0,200,105.4195974,0.527097987
0.0003091887259,laser0,200,106.9602753,0.5348013765
0.0003092596553,laser0,200,108.9832279,0.5449161395
0.0003093418674,laser0,200,108.9747551,0.5448737756
0.0003094354346,laser0,200,111.3366258,0.5566831288
0.0003095407395,laser0,200,111.5434898,0.5577174491
0.0003096584275,laser0,200,104.9002925,0.5245014627
0.000309785855,laser0,200,106.9858236,0.5349291178
0.0003099119874,laser0,200,100.674474,0.50337237
0.0003100381037,laser0,200,114.5071537,0.5725357684
0.0003101731871,laser0,200,108.507684,0.5425384201
0.000310308816,laser0,200,103.4866581,0.5174332905
0.000310443824,laser0,200,106.8656696,0.534328348
0.0003105733406,laser0,200,103.9076267,0.5195381335
0.0003106947653,laser0,200,108.223559,0.5411177952
0.0003108172693,laser0,200,108.900418,0.54450209
0.0003109488788,laser0,200,117.2458016,0.586229008
0.0003110735152,laser0,200,120.7161785,0.6035808926
0.000311196053,laser0,200,117.6298527,0.5881492637
0.0003113197622,laser0,200,116.7877119,0.5839385594
0.000311448714,laser0,200,118.6125613,0.5930628064
0.0003115920157,laser0,200,110.4394182,0.5521970909
0.0003117341867,laser0,200,102.1528422,0.5107642111
0.0003118790996,laser0,200,101.9837889,0.5099189444
0.000312027495,laser0,200,100.7994446,0.5039972232
0.0003121844987,laser0,200,96.01617961,0.4800808981
0.0003123531216,laser0,200,96.68327792,0.4834163896
0.0003125147635,laser0,200,100.1742261,0.5008711307
0.0003126437782,laser0,200,114.7140198,0.5735700991
0.0003127582879,laser0,200,112.4046722,0.5620233609
0.0003128629686,laser0,200,114.3513083,0.5717565413
0.000312960598,laser0,200,114.7972864,0.5739864318
0.0003130512129,laser0,200,116.8351394,0.5841756971
0.0003131313844,laser0,200,114.1676716,0.5708383578
0.0003132203413,laser0,200,105.1869554,0.525934777
0.000313311713,laser0,200,103.7873509,0.5189367545
0.0003134023416,laser0,200,104.4621114,0.5223105569
0.0003134883709,laser0,200,108.9859889,0.5449299447
0.0003135663129,laser0,200,114.0717913,0.5703589563
0.0003136424395,laser0,200,114.0723261,0.5703616304
0.0003137185021,laser0,200,106.3170782,0.531585391
0.0003137944368,laser0,200,104.2666667,0.5213333337
0.0003138711535,laser0,200,102.8255728,0.5141278639
0.0003139483854,laser0,200,103.1641411,0.5158207054
0.0003140257341,laser0,200,104.9214792,0.5246073958
0.0003141033573,laser0,200,105.332365,0.526661825
0.0003141818113,laser0,200,103.2906059,0.5164530295
0.0003142613981,laser0,200,104.1920244,0.5209601219
0.0003143417586,laser0,200,105.3864197,0.5269320987
0.0003144201605,laser0,200,113.8793022,0.5693965109
0.0003144963368,laser0,200,116.7159657,0.5835798284
0.0003145722846,laser0,200,111.3501711,0.5567508554
0.0003146492578,laser0,200,110.5582739,0.5527913695
0.0003147284353,laser0,200,108.7945479,0.5439727394
0.0003148106696,laser0,200,111.2874624,0.5564373122
0.0003148962526,laser0,200,106.5383333,0.5326916664
0.0003149857497,laser0,200,109.4093326,0.5470466632
0.0003150793996,laser0,200,107.6611035,0.5383055177
0.0003151777078,laser0,200,105.2480292,0.5262401462
0.0003152816804,laser0,200,104.8882529,0.5244412643
0.0003153915754,laser0,200,108.1269478,0.5406347389
0.0003155070296,laser0,200,107.9215953,0.5396079764
0.0003156274259,laser0,200,103.0659411,0.5153297054
0.0003157512986,laser0,200,101.1099181,0.5055495907
0.0003158538674,laser0,200,105.5809971,0.5279049857
0.0003159690496,laser0,200,108.9733078,0.5448665392
0.0003160796225,laser0,200,109.3912674,0.546956337
0.0003162027177,laser0,200,104.8066429,0.5240332145
0.0003163181976,laser0,200,106.1458199,0.5307290996
0.0003164448377,laser0,200,106.759963,0.533799815
0.0003165669376,laser0,200,105.159363,0.525796815
0.0003166900714,laser0,200,108.703197,0.5435159851
0.0003168140389,laser0,200,114.0794232,0.5703971159
0.0003169419114,laser0,200,115.1171897,0.5755859487
0.0003170753648,laser0,200,111.7514048,0.558757024
0.0003171990642,laser0,200,109.3870531,0.5469352657
0.0003173170657,laser0,200,111.7381655,0.5586908273
0.000317431449,laser0,200,110.6059321,0.5530296604
0.0003175428187,laser0,200,113.5396141,0.5676980703
0.0003176557138,laser0,200,111.8710484,0.5593552419
0.000317768686,laser0,200,105.4993601,0.5274968005
0.0003178810784,laser0,200,110.2787178,0.5513935892
0.0003179961423,laser0,200,112.5460083,0.5627300413
0.000318109632,laser0,200,114.6436616,0.5732183079
0.0003182247494,laser0,200,119.1692652,0.595846326
0.0003183419863,laser0,200,121.4477782,0.6072388909
0.0003184605285,laser0,200,117.2962859,0.5864814297
0.0003185762011,laser0,200,115.2257041,0.5761285203
0.0003186925391,laser0,200,113.4424159,0.5672120793
0.0003188119752,laser0,200,108.5120717,0.5425603586
0.0003189379882,laser0,200,108.4129539,0.5420647693
0.0003190714279,laser0,200,115.3394854,0.5766974268
0.0003192145964,laser0,200,114.2037529,0.5710187647
0.0003193739481,laser0,200,113.2350978,0.5661754888
0.000319551745,laser0,200,114.4245195,0.5721225975
0.0003197357843,laser0,200,104.210466,0.5210523299
0.0003199252798,laser0,200,103.4597569,0.5172987844
0.0003201222516,laser0,200,99.74675732,0.4987337866
0.0003202235072,laser0,200,106.250192,0.5312509598
0.0003203311469,laser0,200,102.190001,0.5109500052
0.0003204365423,laser0,200,101.1877286,0.505938643
0.0003205400046,laser0,200,103.3968522,0.5169842608
0.000320651216,laser0,200,106.2475855,0.5312379274
0.0003207606546,laser0,200,104.3447816,0.521723908
0.000320865493,laser0,200,106.5219405,0.5326097025
0.0003209693474,laser0,200,111.3108913,0.5565544564
0.0003210846253,laser0,200,112.1508736,0.5607543678
0.0003212138848,laser0,200,113.6817714,0.568408857
0.0003213361971,laser0,200,112.3992073,0.5619960366
0.0003214411223,laser0,200,108.1799787,0.5408998935
0.0003215280729,laser0,200,106.533549,0.5326677449
0.0003216127344,laser0,200,106.286002,0.5314300098
0.0003217025451,laser0,200,110.6991641,0.5534958205
0.0003217944633,laser0,200,114.2638611,0.5713193056
0.0003218827293,laser0,200,104.9944522,0.5249722612
0.0003219727814,laser0,200,99.72757259,0.4986378629
0.0003220704926,laser0,200,101.2005359,0.5060026793
0.0003221628478,laser0,200,102.0922778,0.510461389
0.0003222535943,laser0,200,96.83833205,0.4841916602
0.0003223461719,laser0,200,96.09934118,0.4804967059
0.0003224426767,laser0,200,98.98258254,0.4949129127
0.0003225471825,laser0,200,101.8775263,0.5093876314
0.0003226590525,laser0,200,100.8256086,0.5041280429
0.0003227816039,laser0,200,108.6852163,0.5434260816
0.0003229075635,laser0,200,110.1703787,0.5508518934
0.0003230367807,laser0,200,106.4175986,0.532087993
0.0003231679864,laser0,200,106.8247578,0.5341237888
0.0003233032201,laser0,200,109.0078715,0.5450393573
0.0003234458428,laser0,200,109.1782016,0.5458910078
0.0003235916227,laser0,200,106.5350001,0.5326750003
0.0003237406943,laser0,200,108.0677253,0.5403386265
0.0003238952079,laser0,200,113.3255254,0.566627627
0.0003239757044,laser0,200,115.4294711,0.5771473555
0.0003240661012,laser0,200,111.8339227,0.5591696136
0.0003241675972,laser0,200,111.8738426,0.559369213
0.0003242760318,laser0,200,112.8307337,0.5641536684
0.0003243837229,laser0,200,126.2865076,0.6314325378
0.0003244926689,laser0,200,129.5553335,0.6477766673
0.0003246032027,laser0,200,123.6670389,0.6183351947
0.0003247063626,laser0,200,119.5046754,0.5975233768
0.0003248035164,laser0,200,119.6145533,0.5980727667
0.0003248920684,laser0,200,119.7366552,0.5986832762
0.0003249823963,laser0,200,120.3807479,0.6019037394
0.0003250778363,laser0,200,119.0687614,0.5953438068
0.0003251779086,laser0,200,123.2501672,0.616250836
0.0003252813912,laser0,200,114.8688197,0.5743440986
0.0003253886948,laser0,200,119.6048209,0.5980241045
0.0003255036853,laser0,200,117.3259754,0.5866298769
0.0003256263535,laser0,200,111.8261481,0.5591307403
0.0003257547491,laser0,200,108.9069301,0.5445346504
0.0003258927646,laser0,200,107.5659892,0.5378299462
0.0003260333298,laser0,200,104.0556712,0.520278356
0.0003261748793,laser0,200,101.832117,0.5091605848
0.000326313824,laser0,200,100.5890566,0.502945283
0.0003264491328,laser0,200,103.5213987,0.5176069936
0.0003265813475,laser0,200,111.2483459,0.5562417293
0.000326709457,laser0,200,118.0206491,0.5901032456
0.0003268342957,laser0,200,114.2759574,0.5713797872
0.0003269600899,laser0,200,114.2491038,0.5712455191
0.0003270896953,laser0,200,105.6359134,0.5281795671
0.0003272209326,laser0,200,109.8296468,0.5491482338
0.0003273581516,laser0,200,120.192153,0.6009607648
0.0003274902441,laser0,200,121.7365358,0.6086826792
0.0003276105872,laser0,200,115.3868454,0.5769342269
0.0003277434737,laser0,200,110.2491199,0.5512455994
0.0003278838867,laser0,200,105.1324418,0.525662209
0.0003280318555,laser0,200,106.4651919,0.5323259594
0.0003281708855,laser0,200,107.9271694,0.5396358469
0.0003283165148,laser0,200,108.2128351,0.5410641753
0.0003284418949,laser0,200,105.9972644,0.5299863219
0.0003285501068,laser0,200,109.9529498,0.549764749
0.0003286487409,laser0,200,111.5190738,0.5575953689
0.000328748785,laser0,200,109.0630128,0.545315064
0.000328852674,laser0,200,113.8249508,0.569124754
0.000328963413,laser0,200,113.8573981,0.5692869904
0.0003290765408,laser0,200,115.1979337,0.5759896687
0.0003291988186,laser0,200,110.5873225,0.5529366126
0.0003293348948,laser0,200,108.742961,0.5437148052
0.0003294759734,laser0,200,110.4030829,0.5520154146
0.000329622614,laser0,200,116.186843,0.5809342151
0.0003297865359,laser0,200,113.1621605,0.5658108024
0.0003299687679,laser0,200,120.8624677,0.6043123387
0.000330161711,laser0,200,109.2090576,0.546045288
0.0003303469966,laser0,200,107.0071274,0.5350356372
0.0003305158156,laser0,200,106.9186615,0.5345933075
0.000330677894,laser0,200,113.8304506,0.5691522531
0.0003308420862,laser0,200,115.8865574,0.579432787
0.0003310162014,laser0,200,115.4809252,0.5774046258
0.0003311963206,laser0,200,113.0749228,0.5653746141
0.0003313628882,laser0,200,111.631206,0.55815603
0.0003315274066,laser0,200,117.2414602,0.5862073008
0.0003316966985,laser0,200,114.8657449,0.5743287245
0.000331855094,laser0,200,110.7009899,0.5535049493
0.0003320050837,laser0,200,108.4860245,0.5424301227
0.0003321601309,laser0,200,113.5551848,0.5677759242
0.0003323326899,laser0,200,106.7539283,0.5337696416
0.0003325253083,laser0,200,113.4151804,0.5670759021
0.0003327153314,laser0,200,109.0400622,0.5452003109
0.0003329010334,laser0,200,113.8543919,0.5692719597
0.0003330649977,laser0,200,115.6336612,0.5781683062
0.0003331821768,laser0,200,111.5879256,0.5579396278
0.0003333124044,laser0,200,118.2000614,0.591000307
0.0003334523449,laser0,200,115.8218513,0.5791092563
0.0003335818723,laser0,200,115.0223769,0.5751118846
0.0003337041226,laser0,200,117.0773456,0.585386728
0.0003338236791,laser0,200,118.4891051,0.5924455253
0.0003339466154,laser0,200,115.5346076,0.5776730382
0.0003340668776,laser0,200,117.0141177,0.5850705886
0.0003341841181,laser0,200,111.5488868,0.5577444342
0.0003342967349,laser0,200,126.6503222,0.6332516112
0.0003344059448,laser0,200,127.0683589,0.6353417945
0.0003345156499,laser0,200,123.4860817,0.6174304085
0.0003346326342,laser0,200,116.1264124,0.580632062
0.0003347566952,laser0,200,106.5575857,0.5327879287
0.0003348633601,laser0,200,105.0281601,0.5251408005
0.0003349625988,laser0,200,101.8824828,0.5094124138
0.0003350592568,laser0,200,102.737036,0.5136851798
0.0003351541332,laser0,200,102.7963962,0.5139819808
0.0003352482551,laser0,200,104.3587426,0.521793713
0.0003353408696,laser0,200,107.7908518,0.538954259
0.0003354354976,laser0,200,108.8289769,0.5441448847
0.0003355122872,laser0,200,104.2552634,0.5212763168
0.0003355945405,laser0,200,104.3798636,0.521899318
0.0003356772321,laser0,200,107.9937662,0.5399688312
0.0003357695354,laser0,200,109.3911436,0.5469557178
0.0003358724409,laser0,200,112.7868245,0.5639341225
0.000335979687,laser0,200,111.9038554,0.5595192771
0.0003360806055,laser0,200,112.919916,0.5645995801
0.0003361790791,laser0,200,111.259962,0.5562998099
0.0003362770762,laser0,200,110.7842115,0.5539210577
0.0003363743949,laser0,200,111.5982022,0.5579910111
0.0003364701448,laser0,200,108.443567,0.542217835
0.0003365653741,laser0,200,103.1693364,0.5158466818
0.0003366602267,laser0,200,106.401251,0.532006255
0.0003367544414,laser0,200,108.1141253,0.5405706267
0.000336848084,laser0,200,107.267206,0.5363360299
0.0003369168986,laser0,200,103.5216577,0.5176082885
0.0003369886378,laser0,200,109.235895,0.5461794749
0.0003370606468,laser0,200,108.510968,0.5425548398
0.0003371356967,laser0,200,111.5103589,0.5575517943
0.0003372137392,laser0,200,110.6990173,0.5534950865
0.0003372966835,laser0,200,108.1017198,0.5405085991
0.0003373765444,laser0,200,110.4185732,0.5520928658
0.0003374616569,laser0,200,109.1013545,0.5455067724
0.0003375511099,laser0,200,110.1124101,0.5505620503
0.000337645674,laser0,200,109.0720981,0.5453604903
0.0003377437196,laser0,200,104.9800837,0.5249004183
0.000337842586,laser0,200,105.6599894,0.5282999472
0.0003379421245,laser0,200,104.6950152,0.5234750761
0.0003380444871,laser0,200,105.1695636,0.5258478179
0.0003381490187,laser0,200,104.790309,0.5239515451
0.0003382549123,laser0,200,104.9315071,0.5246575357
0.0003383633832,laser0,200,105.4776988,0.527388494
0.0003384745818,laser0,200,109.3018455,0.5465092275
0.0003385888414,laser0,200,113.0774587,0.5653872934
0.0003387064653,laser0,200,111.1538349,0.5557691747
0.000338827965,laser0,200,117.1770933,0.5858854665
0.0003389511972,laser0,200,121.1246021,0.6056230106
0.0003390759037,laser0,200,120.4717893,0.6023589463
0.0003392021831,laser0,200,118.2745366,0.5913726831
0.0003393306736,laser0,200,115.6027027,0.5780135133
0.0003394614571,laser0,200,113.540506,0.5677025298
0.0003395933319,laser0,200,113.1107848,0.5655539242
0.0003397217967,laser0,200,115.9800877,0.5799004386
0.0003398499949,laser0,200,116.6318625,0.5831593126
0.000339977651,laser0,200,115.7403873,0.5787019364
0.0003401134453,laser0,200,121.9744106,0.6098720528
0.0003402499045,laser0,200,111.570579,0.5578528949
0.0003403788807,laser0,200,111.0058882,0.5550294409
0.000340516102,laser0,200,107.5438912,0.5377194559
0.0003406654538,laser0,200,111.4863112,0.5574315562
0.0003408182341,laser0,200,105.0594687,0.5252973433
0.0003409781789,laser0,200,106.6481653,0.5332408267
0.0003411297109,laser0,200,106.8806976,0.5344034878
0.0003412705282,laser0,200,110.9475524,0.5547377618
0.0003414045093,laser0,200,111.1484354,0.555742177
0.0003415345205,laser0,200,117.1342333,0.5856711667
0.0003416657385,laser0,200,115.4477799,0.5772388996
0.0003417971557,laser0,200,114.3634972,0.5718174859
0.0003419384951,laser0,200,117.1161946,0.5855809728
0.0003420744573,laser0,200,112.8266474,0.5641332368
0.0003421978633,laser0,200,108.3552601,0.5417763006
0.0003423221935,laser0,200,106.2173246,0.5310866228
0.0003424515764,laser0,200,113.7071448,0.5685357241
0.0003425893796,laser0,200,115.1430322,0.5757151611
0.0003427299971,laser0,200,111.9493426,0.559746713
0.000342877532,laser0,200,108.2267586,0.5411337932
0.0003430417164,laser0,200,107.7245996,0.5386229978
0.0003432175068,laser0,200,105.9453941,0.5297269706
0.0003434016209,laser0,200,107.8810905,0.5394054525
0.0003435344875,laser0,200,118.4206983,0.5921034916
0.0003436422506,laser0,200,120.2129991,0.6010649953
0.0003437515057,laser0,200,113.3738861,0.5668694303
0.000343857084,laser0,200,117.9623585,0.5898117923
0.0003439564311,laser0,200,117.4807768,0.5874038838
0.0003440511643,laser0,200,113.5062893,0.5675314467
0.0003441438599,laser0,200,108.2221732,0.5411108661
0.0003442420035,laser0,200,109.4849379,0.5474246896
0.0003443415143,laser0,200,115.8753899,0.5793769493
0.0003444454249,laser0,200,116.8961322,0.5844806611
0.0003445536396,laser0,200,118.1374103,0.5906870515
0.0003446663624,laser0,200,116.4583134,0.582291567
0.0003447840295,laser0,200,112.7942822,0.5639714112
0.0003449043238,laser0,200,112.3678552,0.5618392758
0.0003450285894,laser0,200,109.0305263,0.5451526313
0.0003451606837,laser0,200,114.5268545,0.5726342726
0.0003453061949,laser0,200,123.7369797,0.6186848987
0.0003454563415,laser0,200,120.5193591,0.6025967957
0.000345610591,laser0,200,116.656638,0.58328319
0.0003457682716,laser0,200,118.7190488,0.5935952438
0.0003459238893,laser0,200,122.9630484,0.6148152419
0.0003460645959,laser0,200,115.4317434,0.5771587171
0.0003461824723,laser0,200,116.3154709,0.5815773543
0.0003462983717,laser0,200,112.8670764,0.5643353821
0.0003464105888,laser0,200,108.9880176,0.544940088
0.0003465175981,laser0,200,115.1251659,0.5756258296
0.0003466365126,laser0,200,113.5244744,0.5676223719
0.0003467571922,laser0,200,116.4956394,0.5824781968
0.0003468810129,laser0,200,112.0451839,0.5602259196
0.0003470041715,laser0,200,115.6922297,0.5784611485
0.0003471245469,laser0,200,115.6894695,0.5784473474
0.0003472446832,laser0,200,114.6907377,0.5734536887
0.0003473674766,laser0,200,113.3914025,0.5669570127
0.0003474992748,laser0,200,107.36349,0.5368174502
0.0003476339129,laser0,200,109.9593999,0.5497969993
0.000347763045,laser0,200,114.1787472,0.5708937361
0.0003478890757,laser0,200,111.1764455,0.5558822275
0.0003480130912,laser0,200,112.7444512,0.5637222558
0.0003481246762,laser0,200,113.7484211,0.5687421057
0.0003482335595,laser0,200,117.6713487,0.5883567434
0.0003483460058,laser0,200,110.8478669,0.5542393344
0.000348465579,laser0,200,113.3600798,0.5668003991
0.0003485947338,laser0,200,113.4204018,0.567102009
0.000348718902,laser0,200,114.64842,0.5732421001
0.0003488334585,laser0,200,119.0329035,0.5951645174
0.000348941426,laser0,200,119.4581388,0.5972906938
0.0003490400086,laser0,200,119.486321,0.5974316049
0.0003491330757,laser0,200,122.0376476,0.6101882382
0.0003492232129,laser0,200,120.6421834,0.603210917
0.0003493116567,laser0,200,118.340376,0.59170188
0.0003493964695,laser0,200,119.98805,0.5999402499
0.0003494772275,laser0,200,120.4928917,0.6024644587
0.0003495566224,laser0,200,117.6787882,0.5883939408
0.0003496362165,laser0,200,114.7147092,0.5735735459
0.0003497170205,laser0,200,114.0157712,0.5700788562
0.0003497997686,laser0,200,108.678252,0.5433912599
0.0003498850456,laser0,200,111.0072457,0.5550362283
0.0003499723773,laser0,200,115.76589,0.5788294499
0.0003500630604,laser0,200,120.7098242,0.603549121
0.0003501578272,laser0,200,120.1055391,0.6005276953
0.0003502572526,laser0,200,124.6283219,0.6231416094
0.0003503622457,laser0,200,122.8993347,0.6144966733
0.0003504727242,laser0,200,121.5725258,0.6078626291
0.0003505857005,laser0,200,121.0772632,0.605386316
0.0003507016456,laser0,200,117.4796052,0.5873980261
0.0003508205401,laser0,200,116.0773682,0.5803868408
0.0003509435542,laser0,200,115.7165978,0.5785829889
0.0003510465929,laser0,200,118.8503241,0.5942516204
0.0003511425334,laser0,200,121.3661698,0.6068308491
0.0003512368534,laser0,200,116.3110938,0.5815554691
0.0003513289734,laser0,200,116.3973394,0.5819866972
0.0003514181888,laser0,200,113.15847,0.5657923499
0.0003515043748,laser0,200,110.3040353,0.5515201764
0.0003515884464,laser0,200,108.6426907,0.5432134533
0.000351671666,laser0,200,103.2852965,0.5164264823
0.0003517537787,laser0,200,113.8541416,0.569270708
0.000351836112,laser0,200,118.3485664,0.5917428319
0.0003519196406,laser0,200,112.8778363,0.5643891815
0.0003520035713,laser0,200,108.2013393,0.5410066965
0.0003520859836,laser0,200,109.9000474,0.5495002368
0.0003521699188,laser0,200,110.0189289,0.5500946445
0.0003522554537,laser0,200,111.0313948,0.555156974
0.0003523410679,laser0,200,115.3809605,0.5769048023
0.0003524231265,laser0,200,111.2512717,0.5562563587
0.0003525058783,laser0,200,112.7769924,0.5638849621
0.0003525872882,laser0,200,116.9150857,0.5845754285
0.0003526723799,laser0,200,111.4267962,0.557133981
0.0003527593484,laser0,200,106.0577716,0.5302888582
0.0003528457565,laser0,200,104.9058911,0.5245294555
0.0003529236395,laser0,200,110.1155617,0.5505778083
0.0003530073389,laser0,200,109.3478027,0.5467390135
0.0003530930345,laser0,200,108.2494283,0.5412471416
0.0003531763668,laser0,200,110.5061368,0.5525306838
0.0003532647731,laser0,200,111.1447468,0.5557237338
0.0003533539922,laser0,200,109.9532929,0.5497664644
0.0003534447619,laser0,200,107.4871435,0.5374357174
0.0003535386395,laser0,200,103.1276551,0.5156382753
0.0003536338096,laser0,200,107.3280524,0.536640262
0.0003537320363,laser0,200,106.3856981,0.5319284903
0.000353832977,laser0,200,109.2495242,0.5462476209
0.000353933757,laser0,200,109.0747945,0.5453739727
0.0003540358642,laser0,200,99.22280707,0.4961140354
0.0003541394659,laser0,200,103.7215416,0.5186077082
0.0003542434862,laser0,200,103.8488014,0.5192440072
0.0003543461038,laser0,200,111.0402169,0.5552010845
0.0003544517643,laser0,200,112.0824644,0.5604123222
0.0003545600777,laser0,200,110.6794318,0.5533971588
0.0003546687539,laser0,200,112.1319615,0.5606598077
0.0003547760547,laser0,200,114.423734,0.5721186698
0.0003548842071,laser0,200,108.7768245,0.5438841224
0.0003549952398,laser0,200,106.2489259,0.5312446293
0.0003551114311,laser0,200,104.682712,0.52341356
0.0003552310894,laser0,200,104.0696169,0.5203480845
0.0003553559589,laser0,200,95.76342766,0.4788171383
0.0003554872002,laser0,200,92.49795396,0.4624897698
0.0003556271552,laser0,200,96.32887502,0.4816443751
0.0003557786917,laser0,200,91.54466827,0.4577233414
0.0003558898454,laser0,200,97.6261113,0.4881305565
0.0003559947395,laser0,200,92.56287353,0.4628143677
0.0003560908431,laser0,200,96.76740336,0.4838370168
0.0003561842965,laser0,200,97.88142374,0.4894071187
0.0003562764973,laser0,200,98.36796708,0.4918398354
0.0003563689066,laser0,200,102.369375,0.5118468751
0.0003564636704,laser0,200,103.1379302,0.515689651
0.0003565544453,laser0,200,105.5144733,0.5275723664
0.0003566479444,laser0,200,102.5704212,0.5128521061
0.0003567373905,laser0,200,100.5796904,0.5028984522
0.0003568252405,laser0,200,94.20121007,0.4710060503
0.0003569137802,laser0,200,96.43247729,0.4821623865
0.0003570048776,laser0,200,102.202244,0.5110112199
0.0003570999781,laser0,200,90.94247712,0.4547123856
0.0003572003086,laser0,200,95.02962962,0.4751481481
0.0003573044505,laser0,200,93.90561227,0.4695280614
0.0003574132133,laser0,200,99.07282931,0.4953641465
0.0003575241508,laser0,200,96.58977226,0.4829488613
0.0003576314703,laser0,200,104.386594,0.52193297
0.000357739143,laser0,200,109.9853008,0.5499265038
0.0003578509508,laser0,200,111.4326426,0.5571632128
0.000357965657,laser0,200,113.0466778,0.5652333891
0.0003580810637,laser0,200,108.7005776,0.5435028881
0.0003581992239,laser0,200,107.6108537,0.5380542683
0.0003583225272,laser0,200,100.3997718,0.5019988588
0.0003584494779,laser0,200,104.2956864,0.5214784318
0.0003585725572,laser0,200,103.6513772,0.5182568858
0.0003586846073,laser0,200,108.1679746,0.5408398731
0.0003587977914,laser0,200,105.1150013,0.5255750064
0.000358914397,laser0,200,106.0275423,0.5301377113
0.0003590141491,laser0,200,107.151878,0.5357593902
0.0003591249288,laser0,200,112.173873,0.5608693651
0.0003592275354,laser0,200,118.0509783,0.5902548913
0.0003593253158,laser0,200,112.9694421,0.5648472104
0.0003594133845,laser0,200,112.1129515,0.5605647576
0.000359494762,laser0,200,106.614577,0.5330728849
0.0003595700435,laser0,200,106.0186764,0.530093382
0.0003596394792,laser0,200,102.0446783,0.5102233917
0.0003597166787,laser0,200,104.6936784,0.5234683922
0.0003597990719,laser0,200,110.3480428,0.5517402142
0.0003598861134,laser0,200,117.5972249,0.5879861247
0.0003599789594,laser0,200,113.7173672,0.5685868362
0.0003600804149,laser0,200,112.537917,0.5626895848
0.0003601934611,laser0,200,112.9833969,0.5649169843
0.0003603149646,laser0,200,110.8437046,0.5542185232
0.0003604358652,laser0,200,111.9976683,0.5599883415
0.0003605575756,laser0,200,109.0159526,0.5450797632
0.0003606813332,laser0,200,112.1874689,0.5609373447
0.0003608078437,laser0,200,102.5752315,0.5128761575
0.0003609377213,laser0,200,96.50893016,0.4825446508
0.0003610678918,laser0,200,93.69199295,0.4684599647
0.0003611972219,laser0,200,92.47832182,0.4623916091
0.0003613266671,laser0,200,95.14270637,0.4757135319
0.0003614573077,laser0,200,96.98507796,0.4849253898
0.0003615901372,laser0,200,97.64472267,0.4882236133
0.0003617265614,laser0,200,102.1715458,0.5108577288
0.0003618680732,laser0,200,109.3176431,0.5465882157
0.0003620160384,laser0,200,96.2346394,0.481173197
0.000362170907,laser0,200,100.4204189,0.5021020945
0.00036232861,laser0,200,106.8829971,0.5344149857
0.0003624671076,laser0,200,104.5372031,0.5226860154
0.0003625837536,laser0,200,108.1713764,0.5408568822
0.0003626890646,laser0,200,107.4904583,0.5374522915
0.0003627927735,laser0,200,107.662868,0.5383143401
0.0003628967734,laser0,200,114.4439092,0.5722195462
0.000363001981,laser0,200,114.5925424,0.5729627119
0.0003631098103,laser0,200,112.6801941,0.5634009705
0.0003632013447,laser0,200,107.9660506,0.539830253
0.0003632810406,laser0,200,103.5011667,0.5175058337
0.0003633665021,laser0,200,106.2670499,0.5313352495
0.0003634446201,laser0,200,107.1071589,0.5355357945
0.0003635207229,laser0,200,107.0178614,0.5350893069
0.0003635988433,laser0,200,107.5868592,0.537934296
0.0003636783924,laser0,200,108.9931375,0.5449656874
0.0003637608518,laser0,200,106.6519447,0.5332597235
0.0003638481202,laser0,200,107.5183473,0.5375917367
0.0003639394495,laser0,200,108.8191404,0.5440957018
0.0003640270564,laser0,200,106.9955752,0.534977876
0.0003641155884,laser0,200,107.2616164,0.5363080819
0.0003642002876,laser0,200,110.8373789,0.5541868947
0.0003642880861,laser0,200,105.899383,0.5294969151
0.0003643721075,laser0,200,105.6029942,0.5280149708
0.0003644554322,laser0,200,99.64267644,0.4982133822
0.0003645406647,laser0,200,104.9326315,0.5246631574
0.0003646259312,laser0,200,102.4455635,0.5122278176
0.0003647102779,laser0,200,101.8257538,0.509128769
0.0003647950835,laser0,200,102.1076445,0.5105382227
0.0003648804808,laser0,200,101.1781362,0.5058906811
0.0003649673216,laser0,200,100.6981391,0.5034906957
0.0003650560431,laser0,200,101.6527216,0.5082636082
0.000365145234,laser0,200,98.37476981,0.4918738491
0.0003652357429,laser0,200,96.60134741,0.4830067371
0.0003653282254,laser0,200,95.87541861,0.4793770931
0.0003654224948,laser0,200,96.88820179,0.484441009
0.0003655190526,laser0,200,98.67099544,0.4933549772
0.0003656185362,laser0,200,94.38885544,0.4719442772
0.0003657219591,laser0,200,92.9899101,0.4649495505
0.0003658296393,laser0,200,93.52289702,0.4676144851
0.0003659421934,laser0,200,94.6383215,0.4731916075
0.0003660601851,laser0,200,97.4043298,0.487021649
0.0003661848081,laser0,200,95.36057462,0.4768028731
0.0003663178083,laser0,200,102.4577959,0.5122889796
0.0003664622483,laser0,200,105.2253656,0.5261268279
0.0003665986837,laser0,200,103.7478303,0.5187391517
0.0003667281539,laser0,200,104.3331105,0.5216655524
0.0003668485651,laser0,200,102.7277983,0.5136389916
0.0003669633366,laser0,200,101.5528107,0.5077640533
0.0003670761462,laser0,200,107.0218673,0.5351093364
0.0003671908144,laser0,200,104.6992806,0.5234964032
0.0003673112421,laser0,200,103.3549777,0.5167748883
0.0003674416148,laser0,200,102.5990772,0.5129953859
0.0003675857901,laser0,200,100.7172443,0.5035862213
0.000367738773,laser0,200,108.6835418,0.5434177088
0.0003678944586,laser0,200,107.4315929,0.5371579643
0.0003680527824,laser0,200,119.2696573,0.5963482866
0.0003682174394,laser0,200,117.445603,0.5872280148
0.0003683917172,laser0,200,111.9514067,0.5597570337
0.000368577195,laser0,200,112.5032803,0.5625164013
0.000368768941,laser0,200,114.607615,0.5730380751
0.0003689710769,laser0,200,112.1070798,0.5605353991
0.0003691737618,laser0,200,117.6754577,0.5883772886
0.0003693145438,laser0,200,111.4139039,0.5570695197
0.0003694477481,laser0,200,104.8848877,0.5244244386
0.0003695926648,laser0,200,109.5968603,0.5479843017
0.0003697472171,laser0,200,107.604378,0.5380218898
0.0003698935879,laser0,200,115.523237,0.5776161849
0.0003700462502,laser0,200,113.2251839,0.5661259193
0.0003701906734,laser0,200,113.3959869,0.5669799345
0.0003703359299,laser0,200,111.8193376,0.5590966881
0.0003704250619,laser0,200,117.8641213,0.5893206065
0.0003705251806,laser0,200,113.0649359,0.5653246796
0.0003706371348,laser0,200,111.5567276,0.5577836382
0.0003707411438,laser0,200,107.7702325,0.5388511627
0.0003708540602,laser0,200,112.847677,0.5642383851
0.0003709658922,laser0,200,117.3102233,0.5865511163
0.0003710724504,laser0,200,125.0360657,0.6251803286
0.0003711777794,laser0,200,124.2549591,0.6212747956
0.0003712820165,laser0,200,125.5542432,0.6277712161
0.0003713870785,laser0,200,124.338498,0.6216924902
0.0003714943276,laser0,200,124.9439283,0.6247196415
0.0003716061204,laser0,200,120.1806685,0.6009033424
0.0003717236725,laser0,200,115.4659288,0.5773296442
0.0003718475956,laser0,200,114.1433962,0.5707169811
0.0003719814735,laser0,200,116.3759086,0.5818795429
0.0003721162916,laser0,200,117.5114816,0.5875574082
0.0003722520428,laser0,200,112.4886034,0.562443017
0.0003723900613,laser0,200,108.5405176,0.5427025879
0.0003725289871,laser0,200,104.9455075,0.5247275374
0.0003726704523,laser0,200,107.5933685,0.5379668424
0.0003728189093,laser0,200,116.4280885,0.5821404427
0.000372967617,laser0,200,120.1928465,0.6009642324
0.00037311644,laser0,200,113.2667589,0.5663337944
0.0003732584616,laser0,200,112.8257118,0.564128559
0.0003733863617,laser0,200,113.2392136,0.5661960681
0.0003735020581,laser0,200,109.111882,0.5455594099
0.0003736184168,laser0,200,101.8276981,0.5091384903
0.000373738453,laser0,200,100.1647194,0.5008235968
0.0003738687861,laser0,200,106.7691606,0.5338458028
0.0003740125768,laser0,200,104.7617094,0.5238085469
0.0003741645582,laser0,200,100.8815461,0.5044077305
0.0003743034223,laser0,200,103.2104219,0.5160521093
0.0003744362988,laser0,200,108.0856484,0.5404282418
0.0003745667312,laser0,200,105.571827,0.5278591351
0.0003746966562,laser0,200,106.5236451,0.5326182253
0.000374827813,laser0,200,110.0780184,0.550390092
0.0003749620793,laser0,200,115.5693822,0.577846911
0.0003750952452,laser0,200,106.3266381,0.5316331907
0.0003752239019,laser0,200,113.3189334,0.5665946671
0.00037535074,laser0,200,112.9946617,0.5649733086
0.0003754778568,laser0,200,110.0373457,0.5501867285
0.0003756073549,laser0,200,110.1512043,0.5507560215
0.0003757411076,laser0,200,110.6831429,0.5534157143
0.0003758814269,laser0,200,108.1393505,0.5406967527
0.0003760311182,laser0,200,112.0446049,0.5602230243
0.0003761855636,laser0,200,106.5819371,0.5329096853
0.0003763281421,laser0,200,104.7589442,0.5237947212
0.0003764800044,laser0,200,103.9725223,0.5198626116
0.0003766430172,laser0,200,105.5115682,0.527557841
0.0003768235164,laser0,200,112.4609773,0.5623048866
0.0003770248325,laser0,200,112.273834,0.5613691698
0.0003772266745,laser0,200,115.0656076,0.5753280382
0.0003773875601,laser0,200,113.6194123,0.5680970616
0.0003775531287,laser0,200,108.7466389,0.5437331943
0.0003776924545,laser0,200,101.5315064,0.5076575322
0.0003778182259,laser0,200,110.7009905,0.5535049526
0.0003779394118,laser0,200,111.9107083,0.5595535414
0.0003780576039,laser0,200,111.6976864,0.5584884318
0.0003781776464,laser0,200,107.964739,0.5398236948
0.0003782890152,laser0,200,104.5291877,0.5226459387
0.0003783965246,laser0,200,108.1588809,0.5407944047
0.0003785068095,laser0,200,108.6580768,0.5432903842
0.0003786217046,laser0,200,103.3141147,0.5165705737
0.0003787375286,laser0,200,104.2231892,0.521115946
0.0003788520358,laser0,200,106.1159204,0.5305796021
0.0003789697769,laser0,200,107.0741989,0.5353709945
0.0003790930148,laser0,200,109.2289914,0.5461449568
0.0003792230532,laser0,200,111.2831558,0.5564157791
0.0003793565476,laser0,200,109.2834858,0.5464174292
0.0003794928959,laser0,200,109.6788278,0.5483941391
0.0003796356891,laser0,200,107.382922,0.5369146102
0.0003797868159,laser0,200,102.9124502,0.5145622512
0.0003799407868,laser0,200,109.6871942,0.5484359709
0.0003801048119,laser0,200,105.0514061,0.5252570303
0.0003802816232,laser0,200,104.1570181,0.5207850904
0.000380469751,laser0,200,103.2434492,0.5162172458
0.0003806555403,laser0,200,104.8784823,0.5243924116
0.0003808532715,laser0,200,103.2666079,0.5163330397
0.0003810510386,laser0,200,103.9649437,0.5198247183
0.000381195493,laser0,200,104.9399274,0.5246996371
0.0003813014353,laser0,200,107.9730816,0.5398654081
0.0003813976032,laser0,200,103.5015264,0.517507632
0.0003815025857,laser0,200,99.41334271,0.4970667136
0.0003816023679,laser0,200,98.25789482,0.4912894741
0.000381699678,laser0,200,100.8449381,0.5042246905
0.0003817841677,laser0,200,106.3436547,0.5317182736
0.0003818654962,laser0,200,108.4699526,0.5423497629
0.0003819364121,laser0,200,111.4118611,0.5570593056
0.000382015077,laser0,200,115.6762992,0.5783814959
0.0003820869979,laser0,200,119.4166827,0.5970834134
0.0003821669358,laser0,200,117.4080454,0.587040227
0.0003822469567,laser0,200,112.6083353,0.5630416763
0.0003823320749,laser0,200,117.6025837,0.5880129186
0.000382426666,laser0,200,117.1901269,0.5859506347
0.0003825148198,laser0,200,119.8374376,0.5991871879
0.000382605788,laser0,200,116.8598513,0.5842992565
0.0003826997687,laser0,200,113.1394742,0.5656973712
0.000382798093,laser0,200,116.5364956,0.5826824779
0.0003828939209,laser0,200,117.3872053,0.5869360265
0.0003829885795,laser0,200,115.6049214,0.5780246072
0.0003830852489,laser0,200,111.9079893,0.5595399465
0.0003831855524,laser0,200,114.557608,0.5727880401
0.0003832879497,laser0,200,117.1528325,0.5857641623
0.0003833940374,laser0,200,113.684027,0.5684201352
0.0003835038463,laser0,200,111.8827775,0.5594138874
0.0003835972315,laser0,200,102.3406916,0.5117034581
0.0003836723436,laser0,200,105.8681343,0.5293406715
0.0003837565949,laser0,200,109.1068336,0.5455341678
0.0003838305532,laser0,200,112.5656779,0.5628283895
0.0003839138041,laser0,200,108.4592462,0.5422962308
0.0003840002465,laser0,200,106.8427929,0.5342139644
0.0003840901945,laser0,200,104.6303568,0.523151784
0.0003841876864,laser0,200,111.0722954,0.555361477
0.0003842944496,laser0,200,120.3312344,0.6016561719
0.000384400625,laser0,200,120.7662021,0.6038310106
0.0003845049468,laser0,200,120.5232771,0.6026163854
0.0003846090314,laser0,200,115.9745611,0.5798728057
0.000384714253,laser0,200,116.1882205,0.5809411024
0.0003848222091,laser0,200,119.1304903,0.5956524515
0.000384934349,laser0,200,114.5036988,0.5725184939
0.0003850530009,laser0,200,109.8722973,0.5493614867
0.0003851820869,laser0,200,107.9449568,0.5397247842
0.0003853235091,laser0,200,105.944732,0.52972366
0.0003854800582,laser0,200,107.4755958,0.537377979
0.0003856470069,laser0,200,102.627711,0.5131385552
0.0003858223729,laser0,200,99.52952097,0.4976476049
0.0003860013665,laser0,200,100.6262572,0.5031312862
0.0003861870744,laser0,200,101.5966897,0.5079834486
0.0003863773236,laser0,200,103.5303714,0.517651857
0.0003865649352,laser0,200,108.400379,0.5420018951
0.0003867458814,laser0,200,108.7420444,0.543710222
0.0003869158954,laser0,200,104.8624283,0.5243121413
0.0003870912724,laser0,200,103.8018838,0.5190094192
0.0003872833363,laser0,200,109.3698121,0.5468490607
0.0003874627109,laser0,200,104.3733477,0.5218667386
0.0003876334525,laser0,200,103.2541108,0.5162705542
0.0003877999215,laser0,200,104.3516709,0.5217583545
0.0003879647877,laser0,200,112.1385268,0.5606926339
0.0003881302242,laser0,200,109.3800971,0.5469004853
0.0003882978181,laser0,200,107.9699916,0.5398499579
0.0003884690597,laser0,200,111.154707,0.5557735348
0.0003886373091,laser0,200,110.9538518,0.554769259
0.0003887996247,laser0,200,109.4840144,0.547420072
0.0003889407801,laser0,200,111.8034829,0.5590174146
0.0003890918616,laser0,200,106.9641019,0.5348205097
0.0003892551764,laser0,200,102.7661375,0.5138306875
0.0003894322427,laser0,200,102.0457145,0.5102285726
0.0003896164399,laser0,200,103.7603931,0.5188019656
0.0003897995159,laser0,200,98.88364746,0.4944182373
0.0003899821084,laser0,200,96.59858991,0.4829929495
0.0003901732595,laser0,200,104.1231697,0.5206158484
0.0003903718741,laser0,200,107.4587199,0.5372935996
0.0003905243415,laser0,200,102.8752255,0.5143761275
0.0003906703294,laser0,200,101.4449551,0.5072247756
0.0003907605016,laser0,200,99.21341112,0.4960670556
0.0003908607205,laser0,200,104.697205,0.5234860252
0.0003909711633,laser0,200,103.0914881,0.5154574406
0.0003910918172,laser0,200,112.1375604,0.5606878022
0.0003912213882,laser0,200,112.3529618,0.5617648089
0.0003913655628,laser0,200,116.8842418,0.5844212092
0.0003915102329,laser0,200,112.9354648,0.5646773242
0.0003916094091,laser0,200,111.3537466,0.556768733
0.0003917029033,laser0,200,116.3807911,0.5819039553
0.000391795578,laser0,200,112.7664906,0.5638324529
0.0003918867934,laser0,200,106.9005486,0.5345027431
0.0003919792418,laser0,200,105.0146608,0.5250733041
0.0003920751254,laser0,200,106.8441692,0.5342208462
0.0003921799534,laser0,200,106.9584716,0.5347923578
0.0003922673562,laser0,200,108.8169729,0.5440848646
0.0003923672704,laser0,200,110.7077329,0.5535386646
0.0003924799731,laser0,200,116.4741433,0.5823707167
0.0003926059646,laser0,200,116.6442512,0.5832212559
0.0003927466582,laser0,200,116.2985662,0.5814928311
0.0003928969148,laser0,200,117.3983632,0.5869918162
0.0003930481457,laser0,200,119.518364,0.5975918198
0.0003931805146,laser0,200,126.3854084,0.6319270421
0.0003933134765,laser0,200,122.1384566,0.6106922832
0.0003934488416,laser0,200,129.3723998,0.6468619988
0.0003935853655,laser0,200,123.0366149,0.6151830744
0.0003936874497,laser0,200,124.4366197,0.6221830984
0.0003937954326,laser0,200,122.0187896,0.6100939479
0.0003939028769,laser0,200,120.8585852,0.6042929261
0.0003940155363,laser0,200,119.0294017,0.5951470086
0.0003941358444,laser0,200,127.3648129,0.6368240647
0.0003942570341,laser0,200,123.0447419,0.6152237094
0.000394380995,laser0,200,126.0397055,0.6301985273
0.0003944982245,laser0,200,131.4161398,0.6570806992
0.0003946059424,laser0,200,124.6198717,0.6230993586
0.0003947183915,laser0,200,114.4182353,0.5720911767
0.0003948348252,laser0,200,115.5314933,0.5776574665
0.0003949591848,laser0,200,118.1234297,0.5906171485
0.000395097647,laser0,200,120.9478507,0.6047392535
0.0003952516922,laser0,200,118.7175442,0.5935877212
0.0003954095149,laser0,200,113.2911915,0.5664559575
0.0003955769678,laser0,200,114.3017918,0.5715089588
0.0003957396536,laser0,200,114.0706845,0.5703534224
0.0003958971144,laser0,200,117.5042793,0.5875213964
0.0003960403877,laser0,200,124.5923492,0.6229617458
0.0003961626567,laser0,200,119.8023197,0.5990115984
0.0003962559337,laser0,200,119.1264102,0.5956320512
0.0003963424414,laser0,200,116.2196939,0.5810984697
0.0003964300531,laser0,200,116.2782638,0.5813913191
0.0003965210045,laser0,200,112.4598828,0.562299414
0.0003966175098,laser0,200,114.1334893,0.5706674463
0.0003967199865,laser0,200,113.1977464,0.5659887319
0.000396828422,laser0,200,114.0085956,0.5700429779
0.0003969402245,laser0,200,120.7581257,0.6037906285
0.0003970594878,laser0,200,112.7285703,0.5636428515
0.0003971731998,laser0,200,112.5114924,0.562557462
0.0003972795799,laser0,200,115.3780564,0.5768902818
0.0003973818109,laser0,200,115.4530393,0.5772651966
0.000397482086,laser0,200,115.016496,0.5750824798
0.0003975815121,laser0,200,113.0154353,0.5650771764
0.0003976801851,laser0,200,111.3739451,0.5568697257
0.0003977786426,laser0,200,113.725546,0.56862773
0.0003978772125,laser0,200,119.5475784,0.5977378922
0.0003979774123,laser0,200,114.6639115,0.5733195574
0.0003980790464,laser0,200,118.2402216,0.5912011081
0.0003981840607,laser0,200,114.4041048,0.5720205239
0.000398292551,laser0,200,113.4858529,0.5674292644
0.0003984051964,laser0,200,113.7490989,0.5687454943
0.000398523001,laser0,200,117.6396131,0.5881980654
0.0003986464197,laser0,200,119.9993448,0.5999967239
0.0003987756966,laser0,200,109.9483726,0.5497418632
0.0003989123004,laser0,200,109.8593759,0.5492968794
0.0003990555434,laser0,200,107.4094014,0.5370470068
0.000399205616,laser0,200,103.874013,0.5193700649
0.0003993634155,laser0,200,108.9451083,0.5447255417
0.000399532249,laser0,200,105.0585063,0.5252925315
0.0003997109498,laser0,200,117.3958149,0.5869790746
0.0003998909487,laser0,200,117.5987546,0.5879937732
0.0004000730417,laser0,200,116.7261725,0.5836308625
0.0004002558883,laser0,200,106.0912722,0.5304563608
0.0004004341097,laser0,200,106.1669522,0.5308347611
0.0004006160712,laser0,200,104.0017896,0.5200089482
0.000400761284,laser0,200,104.9892209,0.5249461047
0.0004008551277,laser0,200,104.8774653,0.5243873264
0.0004009600201,laser0,200,102.9134405,0.5145672027
0.0004010768506,laser0,200,107.2359645,0.5361798226
0.0004012039171,laser0,200,106.4409789,0.5322048946
0.0004013443518,laser0,200,110.2698711,0.5513493557
0.0004014994099,laser0,200,115.8050391,0.5790251953
0.0004016751002,laser0,200,116.8962116,0.5844810579
0.0004018726675,laser0,200,108.2506119,0.5412530595
0.0004020143181,laser0,200,110.473824,0.5523691199
0.0004021420547,laser0,200,108.6349283,0.5431746417
0.0004022847624,laser0,200,113.6736687,0.5683683437
0.0004024374283,laser0,200,115.2544232,0.5762721161
0.0004026090631,laser0,200,116.3910865,0.5819554325
0.0004027998482,laser0,200,114.8132665,0.5740663325
0.0004029424998,laser0,200,121.851988,0.6092599401
0.0004031023488,laser0,200,115.8206878,0.579103439
0.0004032733785,laser0,200,117.9897646,0.5899488232
0.000403432181,laser0,200,118.9024847,0.5945124233
0.0004035852156,laser0,200,124.6596739,0.6232983693
0.0004037368715,laser0,200,122.5364991,0.6126824954
0.000403885113,laser0,200,120.3751403,0.6018757013
0.0004040298192,laser0,200,124.4083567,0.6220417835
0.0004041678807,laser0,200,128.3940824,0.6419704119
0.0004042985045,laser0,200,116.6817377,0.5834086886
0.000404432746,laser0,200,113.20787,0.5660393501
0.0004045745341,laser0,200,108.4965166,0.5424825832
0.0004047191476,laser0,200,112.7337191,0.5636685955
0.0004048602944,laser0,200,113.9729224,0.5698646118
0.000405006932,laser0,200,111.8510466,0.5592552331
0.0004051608417,laser0,200,119.6811313,0.5984056565
0.0004053224351,laser0,200,113.4008153,0.5670040765
0.0004054854849,laser0,200,117.7693448,0.5888467242
0.0004056286771,laser0,200,122.1997614,0.6109988069
0.0004057291573,laser0,200,122.8660212,0.614330106
0.0004058307054,laser0,200,126.3153461,0.6315767306
0.0004059391431,laser0,200,119.4423808,0.5972119041
0.0004060441073,laser0,200,121.3883497,0.6069417486
0.0004061538039,laser0,200,117.3475372,0.5867376858
0.0004062672554,laser0,200,115.1514751,0.5757573757
0.0004063906859,laser0,200,112.9139013,0.5645695063
0.0004065280241,laser0,200,115.373893,0.5768694652
0.0004066700196,laser0,200,116.7375074,0.5836875369
0.0004068142391,laser0,200,117.9840577,0.5899202886
0.0004069639483,laser0,200,120.4723428,0.6023617141
0.000407085027,laser0,200,114.4544665,0.5722723323
0.0004072196361,laser0,200,117.3050775,0.5865253877
0.0004073653929,laser0,200,111.8469101,0.5592345504
0.0004075077463,laser0,200,108.4047441,0.5420237203
0.0004076534521,laser0,200,113.7843133,0.5689215665
0.0004077825326,laser0,200,117.1382471,0.5856912353
0.0004079027483,laser0,200,117.774558,0.5888727901
0.0004080193752,laser0,200,110.947671,0.554738355
0.0004081341386,laser0,200,112.9239094,0.5646195468
0.0004082492419,laser0,200,107.5403201,0.5377016004
0.0004083664236,laser0,200,105.1369094,0.525684547
0.0004084872785,laser0,200,106.1169914,0.5305849571
0.0004086136567,laser0,200,110.0610407,0.5503052033
0.0004087477299,laser0,200,114.0893938,0.5704469692
0.0004088879065,laser0,200,113.5426715,0.5677133574
0.0004090240134,laser0,200,112.1344442,0.5606722211
0.0004091611315,laser0,200,107.081514,0.5354075701
0.0004093010625,laser0,200,100.2902335,0.5014511676
0.0004094285423,laser0,200,96.08522237,0.4804261119
0.0004095707532,laser0,200,94.16825426,0.4708412713
0.0004097080243,laser0,200,99.89791244,0.4994895622
0.0004098548936,laser0,200,108.9609194,0.5448045972
0.0004100084903,laser0,200,116.046444,0.5802322199
0.0004101656182,laser0,200,111.9034765,0.5595173827
0.0004103152878,laser0,200,116.6763503,0.5833817514
0.0004104680403,laser0,200,114.083822,0.5704191102
0.0004106297598,laser0,200,113.6604424,0.5683022118
0.0004108057262,laser0,200,114.001849,0.5700092451
0.0004109998121,laser0,200,120.3557032,0.601778516
0.0004111647873,laser0,200,117.112465,0.5855623252
0.0004113195529,laser0,200,112.2672994,0.5613364968
0.0004114745724,laser0,200,107.9326624,0.5396633121
0.0004116116704,laser0,200,110.6464303,0.5532321515
0.0004117396054,laser0,200,115.472172,0.57736086
0.0004118710714,laser0,200,118.4369155,0.5921845776
0.0004120172395,laser0,200,114.2501248,0.5712506238
0.00041213762,laser0,200,111.087253,0.5554362648
0.0004122738064,laser0,200,109.3109134,0.5465545672
0.0004124275418,laser0,200,115.5070888,0.5775354439
0.0004125939291,laser0,200,117.9720093,0.5898600464
0.0004127615892,laser0,200,117.1071175,0.5855355876
0.0004129358867,laser0,200,118.506301,0.5925315049
0.0004130924788,laser0,200,118.1030054,0.5905150269
0.0004132470013,laser0,200,118.5370399,0.5926851995
0.0004134083222,laser0,200,115.78997,0.5789498501
0.0004135778878,laser0,200,115.5929621,0.5779648103
0.00041374023,laser0,200,108.090549,0.5404527452
0.0004138842377,laser0,200,112.191621,0.5609581052
0.0004140106779,laser0,200,112.5367502,0.5626837509
0.0004141519944,laser0,200,112.1879818,0.560939909
0.0004143101934,laser0,200,110.5514732,0.5527573658
0.0004144867079,laser0,200,112.5443681,0.5627218403
0.0004146591665,laser0,200,103.9865559,0.5199327796
0.0004148162793,laser0,200,104.7415953,0.5237079763
0.0004149621328,laser0,200,99.79206996,0.4989603498
0.0004151126152,laser0,200,106.2181476,0.5310907379
0.0004152769251,laser0,200,106.1808745,0.5309043724
0.0004154480311,laser0,200,106.684488,0.5334224398
0.0004156175122,laser0,200,114.630433,0.5731521651
0.0004157773042,laser0,200,120.3444678,0.6017223388
0.0004159232214,laser0,200,114.7328462,0.5736642312
0.0004160751123,laser0,200,120.5166429,0.6025832143
0.0004162389111,laser0,200,112.7776051,0.5638880254
0.0004164152039,laser0,200,110.6646851,0.5533234255
0.0004166096922,laser0,200,112.0456595,0.5602282973
0.0004168263839,laser0,200,113.6583119,0.5682915594
0.0004170116316,laser0,200,114.6507791,0.5732538954
0.0004171546156,laser0,200,117.910668,0.5895533398
0.0004172610234,laser0,200,112.3988794,0.5619943968
0.0004173712002,laser0,200,104.7147026,0.5235735132
0.0004174544682,laser0,200,103.8962617,0.5194813086
0.000417536416,laser0,200,103.6848208,0.5184241041
0.000417617429,laser0,200,103.7929194,0.5189645969
0.0004177008672,laser0,200,111.1358777,0.5556793883
0.0004177827984,laser0,200,105.8566171,0.5292830855
0.000417867468,laser0,200,104.9687367,0.5248436834
0.0004179527834,laser0,200,108.6218599,0.5431092996
0.0004180396179,laser0,200,108.5146068,0.5425730339
0.0004181288068,laser0,200,108.6341984,0.5431709921
0.0004182185535,laser0,200,110.0208777,0.5501043885
0.0004183088045,laser0,200,116.1016651,0.5805083257
0.0004184054524,laser0,200,104.9390111,0.5246950553
0.0004185052769,laser0,200,98.929172,0.49464586
0.0004186022185,laser0,200,96.9913133,0.4849565665
0.0004186988339,laser0,200,98.73317026,0.4936658513
0.0004187974964,laser0,200,98.7733558,0.493866779
0.0004188971721,laser0,200,102.9482833,0.5147414164
0.0004190004798,laser0,200,109.0914746,0.5454573728
0.0004191032421,laser0,200,111.8815356,0.5594076782
0.0004192047074,laser0,200,104.9770824,0.5248854121
0.0004193105275,laser0,200,101.3020619,0.5065103095
0.0004194168063,laser0,200,101.653257,0.5082662848
0.0004195303905,laser0,200,98.98186776,0.4949093388
0.000419654911,laser0,200,108.5350414,0.5426752072
0.0004197586886,laser0,200,109.3629464,0.5468147321
0.0004198745049,laser0,200,112.2163368,0.5610816841
0.0004199958198,laser0,200,113.3943645,0.5669718224
0.0004201142995,laser0,200,106.9326384,0.534663192
0.0004202159269,laser0,200,113.2381122,0.566190561
0.0004203201139,laser0,200,111.85823,0.55929115
0.0004204232158,laser0,200,113.2931264,0.5664656319
0.0004205311167,laser0,200,110.6072492,0.5530362461
0.0004206454861,laser0,200,116.9736351,0.5848681753
0.0004207635929,laser0,200,109.6213729,0.5481068647
0.0004208820968,laser0,200,108.9137538,0.5445687691
0.0004210042122,laser0,200,110.8510289,0.5542551446
0.0004211265573,laser0,200,107.4459652,0.5372298261
0.0004212514847,laser0,200,112.6721891,0.5633609456
0.00042137735,laser0,200,115.9121371,0.5795606857
0.0004215052205,laser0,200,114.0648689,0.5703243443
0.0004216330345,laser0,200,105.8865936,0.5294329678
0.0004217594148,laser0,200,103.3831699,0.5169158496
0.0004218863688,laser0,200,104.585717,0.5229285849
0.0004220145332,laser0,200,102.3868396,0.5119341981
0.0004221466745,laser0,200,106.5320779,0.5326603896
0.0004222819223,laser0,200,104.0067064,0.5200335318
0.0004224187406,laser0,200,106.0521669,0.5302608347
0.0004225575984,laser0,200,109.383799,0.5469189951
0.0004226989618,laser0,200,111.2011113,0.5560055565
0.0004228411757,laser0,200,107.404914,0.5370245698
0.0004229873215,laser0,200,109.5512995,0.5477564973
0.0004231334844,laser0,200,106.1203229,0.5306016144
0.0004232790866,laser0,200,106.496424,0.5324821199
0.0004234269821,laser0,200,104.8791719,0.5243958593
0.000423579665,laser0,200,101.4322297,0.5071611484
0.0004237368585,laser0,200,101.3661801,0.5068309006
0.0004238927368,laser0,200,103.4747871,0.5173739354
0.0004240553877,laser0,200,109.4012264,0.547006132
0.0004242176135,laser0,200,104.3130882,0.5215654412
0.0004243802814,laser0,200,102.0121015,0.5100605077
0.0004245497016,laser0,200,103.6187174,0.518093587
0.0004247199971,laser0,200,100.9697147,0.5048485733
0.0004248324394,laser0,200,100.4941862,0.5024709312
0.0004249535028,laser0,200,101.6697221,0.5083486106
0.0004250820652,laser0,200,106.9225868,0.5346129341
0.0004252155197,laser0,200,110.6357249,0.5531786247
0.0004253553378,laser0,200,111.9631322,0.5598156608
0.0004255072487,laser0,200,117.446765,0.5872338252
0.0004256725884,laser0,200,117.6276475,0.5881382376
0.000425847928,laser0,200,120.7819694,0.6039098472
0.0004260282359,laser0,200,110.3439076,0.5517195382
0.0004262150146,laser0,200,113.0243527,0.5651217637
0.000426409543,laser0,200,110.5013253,0.5525066264
0.0004266207823,laser0,200,112.5781537,0.5628907685
0.000426827659,laser0,200,111.7382261,0.5586911305
0.0004269527657,laser0,200,118.298842,0.5914942101
0.0004270801127,laser0,200,114.9685963,0.5748429816
0.0004272007826,laser0,200,122.1653626,0.6108268128
0.0004273197164,laser0,200,121.3163628,0.606581814
0.000427445256,laser0,200,114.1578914,0.5707894568
0.0004275682247,laser0,200,114.6975135,0.5734875675
0.0004276863472,laser0,200,114.6467566,0.5732337829
0.0004278018209,laser0,200,119.4012862,0.5970064308
0.0004279041386,laser0,200,124.9281099,0.6246405494
0.0004280179506,laser0,200,117.0274695,0.5851373474
0.0004281438641,laser0,200,117.5791698,0.5878958488
0.0004282832694,laser0,200,114.8597417,0.5742987086
0.0004284359664,laser0,200,113.7431947,0.5687159735
0.0004285926866,laser0,200,114.428054,0.57214027
0.0004287345592,laser0,200,113.6019143,0.5680095717
0.0004288770852,laser0,200,113.4820221,0.5674101107
0.0004290299565,laser0,200,107.7752647,0.5388763234
0.0004291933613,laser0,200,107.7002963,0.5385014817
0.0004293627008,laser0,200,110.4507236,0.5522536178
0.000429532433,laser0,200,111.2807713,0.5564038565
0.0004296865336,laser0,200,116.4702404,0.5823512019
0.0004298042289,laser0,200,119.1927693,0.5959638467
0.0004299361447,laser0,200,118.7107507,0.5935537535
0.0004300844068,laser0,200,112.335252,0.5616762598
0.0004302449967,laser0,200,111.1380562,0.5556902808
0.000430412335,laser0,200,107.6246852,0.5381234258
0.0004305780414,laser0,200,100.8856308,0.504428154
0.0004307434644,laser0,200,102.2390977,0.5111954886
0.0004308964679,laser0,200,104.0023662,0.5200118309
0.0004310340958,laser0,200,98.3811179,0.4919055895
0.0004311626904,laser0,200,103.0682901,0.5153414503
0.0004312820488,laser0,200,101.5324473,0.5076622367
0.0004313851258,laser0,200,102.6281523,0.5131407617
0.0004314791657,laser0,200,101.4461003,0.5072305013
0.0004315701832,laser0,200,101.8646465,0.5093232323
0.0004316626494,laser0,200,103.5751399,0.5178756995
0.0004317571828,laser0,200,100.0267448,0.500133724
0.0004318409685,laser0,200,94.12928377,0.4706464188
0.0004319354161,laser0,200,96.40779833,0.4820389916
0.0004320404516,laser0,200,97.10515041,0.4855257521
0.0004321395566,laser0,200,103.4282164,0.5171410819
0.0004322387304,laser0,200,102.5145087,0.5125725435
0.0004323394573,laser0,200,107.8783174,0.5393915872
0.0004324410139,laser0,200,109.7861981,0.5489309904
0.0004325449074,laser0,200,115.512165,0.5775608248
0.0004326517649,laser0,200,107.9993081,0.5399965406
0.0004327624166,laser0,200,104.3287401,0.5216437006
0.0004328786345,laser0,200,104.3310304,0.5216551518
0.000432997754,laser0,200,108.5786458,0.5428932289
0.0004331234823,laser0,200,108.2069932,0.541034966
0.0004332549602,laser0,200,118.8350195,0.5941750976
0.0004333887963,laser0,200,116.8656008,0.5843280042
0.0004335310238,laser0,200,114.1998082,0.570999041
0.0004336823391,laser0,200,116.9326887,0.5846634433
0.0004338233142,laser0,200,117.0907641,0.5854538205
0.0004339445406,laser0,200,112.5049531,0.5625247653
0.0004340383422,laser0,200,112.007271,0.5600363548
0.0004341432486,laser0,200,121.1428271,0.6057141355
0.0004342485545,laser0,200,116.0109002,0.5800545012
0.0004343637888,laser0,200,114.5399467,0.5726997336
0.0004344793028,laser0,200,114.8334751,0.5741673755
0.0004346012492,laser0,200,121.9082048,0.6095410242
0.0004347189637,laser0,200,123.8081251,0.6190406257
0.0004348215561,laser0,200,124.0388254,0.6201941268
0.000434908398,laser0,200,125.7150239,0.6285751197
0.0004350000842,laser0,200,119.8786372,0.5993931859
0.0004350920914,laser0,200,120.3557338,0.6017786691
0.0004351914655,laser0,200,118.6346443,0.5931732216
0.0004352870228,laser0,200,121.2137811,0.6060689054
0.0004353843258,laser0,200,123.8199346,0.6190996728
0.0004354830026,laser0,200,122.8981026,0.6144905131
0.000435582686,laser0,200,119.1867948,0.5959339738
0.0004356826104,laser0,200,122.4555101,0.6122775507
0.0004357812028,laser0,200,122.3407656,0.6117038279
0.0004358791398,laser0,200,119.8942576,0.5994712878
0.0004359772358,laser0,200,118.734033,0.5936701649
0.000436078179,laser0,200,119.4111635,0.5970558173
0.0004361826241,laser0,200,116.4070503,0.5820352513
0.0004362899014,laser0,200,118.4150888,0.592075444
0.0004363980507,laser0,200,112.6198372,0.5630991861
0.0004365074621,laser0,200,116.2465001,0.5812325007
0.000436620242,laser0,200,122.3783021,0.6118915103
0.0004367364362,laser0,200,109.1788095,0.5458940473
0.0004368493445,laser0,200,108.6876778,0.5434383889
0.0004369663245,laser0,200,107.6979235,0.5384896176
0.0004370854149,laser0,200,107.1023262,0.5355116308
0.0004371757762,laser0,200,105.6487779,0.5282438894
0.0004372782458,laser0,200,107.358547,0.5367927351
0.0004373934671,laser0,200,104.779917,0.523899585
0.0004375218397,laser0,200,104.5394494,0.522697247
0.0004376549714,laser0,200,106.3625816,0.5318129078
0.0004377941049,laser0,200,104.209025,0.5210451251
0.0004379335005,laser0,200,104.9505119,0.5247525594
0.000438076766,laser0,200,106.8523483,0.5342617413
0.0004382261501,laser0,200,113.9467513,0.5697337566
0.0004383827757,laser0,200,107.1906626,0.5359533131
0.0004385425066,laser0,200,105.3408097,0.5267040486
0.0004386617736,laser0,200,106.3318266,0.5316591329
0.0004387521527,laser0,200,103.1885078,0.5159425391
0.0004388339834,laser0,200,109.037384,0.5451869201
0.0004389005743,laser0,200,108.0685054,0.540342527
0.0004389763695,laser0,200,107.9458336,0.5397291678
0.0004390607124,laser0,200,103.5650455,0.5178252274
0.0004391551115,laser0,200,103.568033,0.5178401652
0.000439255111,laser0,200,106.919611,0.534598055
0.0004393652666,laser0,200,108.8050142,0.544025071
0.0004394869339,laser0,200,112.2872441,0.5614362207
0.0004395793415,laser0,200,113.0915423,0.5654577114
0.0004396821952,laser0,200,108.0759359,0.5403796793
0.0004397971957,laser0,200,108.7684739,0.5438423695
0.0004399250485,laser0,200,106.2347299,0.5311736497
0.0004400543576,laser0,200,108.0474695,0.5402373473
0.0004401864079,laser0,200,111.6964651,0.5584823254
0.0004403186022,laser0,200,110.1981571,0.5509907854
0.0004404525399,laser0,200,113.3989196,0.5669945982
0.0004405925105,laser0,200,111.4108451,0.5570542255
0.0004407349543,laser0,200,111.1408597,0.5557042985
0.0004408786305,laser0,200,112.3966172,0.5619830861
0.0004410245,laser0,200,118.2382017,0.5911910087
0.000441176926,laser0,200,115.0968927,0.5754844634
0.0004413310984,laser0,200,115.3383415,0.5766917076
0.0004414797824,laser0,200,120.8383741,0.6041918707
0.000441623151,laser0,200,115.4947442,0.5774737212
0.0004417700179,laser0,200,113.8206423,0.5691032117
0.0004419200597,laser0,200,118.5524841,0.5927624206
0.0004420261478,laser0,200,118.9834297,0.5949171484
0.000442125258,laser0,200,119.2205638,0.5961028192
0.0004422163036,laser0,200,119.9284002,0.5996420009
0.000442302157,laser0,200,124.4373926,0.6221869628
0.0004423864346,laser0,200,126.9111897,0.6345559485
0.0004424740648,laser0,200,129.2712912,0.646356456
0.0004425657278,laser0,200,119.5162524,0.5975812621
0.0004426586783,laser0,200,119.8044136,0.5990220681
0.0004427540142,laser0,200,122.907805,0.6145390249
0.0004428528343,laser0,200,114.5664632,0.5728323162
0.0004429579063,laser0,200,112.9198007,0.5645990037
0.000443071869,laser0,200,115.3869415,0.5769347075
0.0004431905155,laser0,200,114.1897492,0.5709487458
0.0004433102449,laser0,200,111.8589149,0.5592945745
0.0004434338446,laser0,200,110.034882,0.55017441
0.0004435612966,laser0,200,110.9587092,0.5547935459
0.0004436932217,laser0,200,108.2738875,0.5413694377
0.000443824843,laser0,200,111.8584081,0.5592920407
0.0004439567847,laser0,200,113.7805347,0.5689026737
0.000444091755,laser0,200,113.2955758,0.5664778788
0.0004442235184,laser0,200,118.8982736,0.5944913682
0.0004443580901,laser0,200,116.478417,0.5823920849
0.0004444981805,laser0,200,112.9975492,0.5649877461
0.0004446540063,laser0,200,111.7280475,0.5586402374
0.0004447648372,laser0,200,111.8445844,0.5592229222
0.0004448476466,laser0,200,119.3260486,0.5966302431
0.0004449324192,laser0,200,108.3937221,0.5419686103
0.0004450139954,laser0,200,110.0386317,0.5501931587
0.0004450930527,laser0,200,106.1118331,0.5305591656
0.0004451703214,laser0,200,104.38515,0.5219257502
0.0004452578489,laser0,200,103.2290619,0.5161453095
0.0004453559391,laser0,200,104.3316605,0.5216583023
0.0004454661839,laser0,200,109.9322697,0.5496613485
0.0004455891691,laser0,200,108.8375845,0.5441879226
0.0004457131032,laser0,200,114.9509518,0.574754759
0.0004458300563,laser0,200,115.7610426,0.5788052132
0.0004459434443,laser0,200,116.5951396,0.5829756978
0.0004460560229,laser0,200,115.8991833,0.5794959165
0.0004461694755,laser0,200,110.2326917,0.5511634587
0.0004462849856,laser0,200,110.6727573,0.5533637863
0.0004464050548,laser0,200,102.8131408,0.5140657042
0.0004465283311,laser0,200,104.5182343,0.5225911715
0.0004466556345,laser0,200,105.4207047,0.5271035236
0.0004467777112,laser0,200,104.7869254,0.5239346271
0.0004468981117,laser0,200,104.5556268,0.522778134
0.0004470225669,laser0,200,106.2671739,0.5313358695
0.0004471503085,laser0,200,100.1930015,0.5009650074
0.000447283026,laser0,200,99.75177053,0.4987588526
0.0004474000598,laser0,200,102.0830622,0.5104153108
0.000447510273,laser0,200,104.2323706,0.5211618528
0.0004476189115,laser0,200,96.4634834,0.482317417
0.0004477308742,laser0,200,102.2101344,0.5110506718
0.000447841806,laser0,200,105.1800298,0.5259001489
0.0004479487898,laser0,200,102.9040552,0.5145202761
0.0004480591613,laser0,200,104.0088227,0.5200441135
0.0004481816773,laser0,200,104.850348,0.52425174
0.0004483139212,laser0,200,105.8507728,0.5292538642
0.0004484438326,laser0,200,101.7658475,0.5088292377
0.0004485785234,laser0,200,100.0978467,0.5004892337
0.0004487220804,laser0,200,95.92907472,0.4796453736
0.0004488803939,laser0,200,98.01495539,0.4900747769
0.0004490423395,laser0,200,100.3123415,0.5015617077
0.0004491260979,laser0,200,97.83071958,0.4891535979
0.0004492151655,laser0,200,101.2842473,0.5064212364
0.0004493075809,laser0,200,106.6322906,0.5331614532
0.0004494047609,laser0,200,109.0682126,0.5453410629
0.0004495010763,laser0,200,106.793087,0.5339654351
0.0004495881278,laser0,200,99.25246941,0.496262347
0.0004496871428,laser0,200,100.847594,0.5042379702
0.0004497996955,laser0,200,107.3522817,0.5367614086
0.0004499261537,laser0,200,107.0788276,0.5353941379
0.0004500649546,laser0,200,102.6751399,0.5133756997
0.0004502081416,laser0,200,102.8108331,0.5140541656
0.0004503645895,laser0,200,109.1862035,0.5459310173
0.0004505379136,laser0,200,106.2056264,0.531028132
0.0004507230094,laser0,200,114.483162,0.5724158099
0.0004508533522,laser0,200,115.3318922,0.5766594609
0.0004509741438,laser0,200,113.7017133,0.5685085664
0.000451085702,laser0,200,117.2497937,0.5862489687
0.0004511903637,laser0,200,120.6008189,0.6030040944
0.000451289486,laser0,200,109.6944223,0.5484721115
0.0004513824279,laser0,200,110.7568725,0.5537843627
0.0004514790142,laser0,200,111.4004086,0.5570020432
0.0004515805664,laser0,200,107.748611,0.5387430552
0.0004516877207,laser0,200,114.4121182,0.572060591
0.0004517970265,laser0,200,107.644646,0.5382232298
0.0004519068697,laser0,200,113.329694,0.5666484699
0.0004520188425,laser0,200,113.0694389,0.5653471947
0.0004521338818,laser0,200,114.258329,0.5712916448
0.0004522502647,laser0,200,113.5190218,0.567595109
0.000452364705,laser0,200,114.7576585,0.5737882927
0.0004524809118,laser0,200,112.113057,0.5605652852
0.0004525992097,laser0,200,110.008297,0.5500414852
0.0004527193284,laser0,200,108.2544483,0.5412722416
0.0004528440824,laser0,200,108.6501844,0.543250922
0.000452972576,laser0,200,111.9268255,0.5596341276
0.0004531083867,laser0,200,108.301428,0.54150714
0.0004532500429,laser0,200,103.2268483,0.5161342413
0.0004533914714,laser0,200,103.3204207,0.5166021035
0.0004535320322,laser0,200,102.09065,0.5104532498
0.0004536766672,laser0,200,98.62011157,0.4931005578
0.0004538311596,laser0,200,95.41829339,0.477091467
0.0004539816114,laser0,200,101.588331,0.5079416548
0.0004541399359,laser0,200,104.2444735,0.5212223677
0.000454312402,laser0,200,102.7168763,0.5135843815
0.0004544898147,laser0,200,101.8713131,0.5093565654
0.0004546786587,laser0,200,92.06710785,0.4603355393
0.0004548654378,laser0,200,98.66127426,0.4933063713
0.0004550542976,laser0,200,100.4988945,0.5024944727
0.0004552250659,laser0,200,104.0483539,0.5202417696
0.0004553893091,laser0,200,101.736823,0.5086841148
0.0004555496356,laser0,200,102.494165,0.5124708251
0.0004557207633,laser0,200,105.2993426,0.5264967129
0.000455847386,laser0,200,108.2273157,0.5411365786
0.000455972994,laser0,200,104.4329678,0.5221648388
0.0004561014488,laser0,200,110.7116371,0.5535581856
0.0004562346891,laser0,200,104.0187726,0.5200938629
0.0004563736602,laser0,200,110.244699,0.551223495
0.0004565114738,laser0,200,104.3453385,0.5217266925
0.000456648033,laser0,200,100.7513686,0.5037568429
0.0004567837341,laser0,200,101.9301237,0.5096506186
0.0004569290599,laser0,200,103.7056732,0.5185283658
0.0004570908698,laser0,200,106.5611686,0.5328058431
0.0004572729034,laser0,200,111.0933009,0.5554665046
0.0004574278377,laser0,200,110.2358826,0.5511794132
0.0004575875418,laser0,200,113.6664095,0.5683320475
0.000457716012,laser0,200,116.6496286,0.5832481429
0.0004578300947,laser0,200,112.8383459,0.5641917294
0.0004579569837,laser0,200,108.0146552,0.5400732759
0.0004580983436,laser0,200,104.7385939,0.5236929695
0.0004582431648,laser0,200,113.4891023,0.5674455115
0.0004583681835,laser0,200,108.6453379,0.5432266895
0.0004584900206,laser0,200,112.8060878,0.5640304391
0.0004586204918,laser0,200,111.3018701,0.5565093503
0.0004587597561,laser0,200,112.1900026,0.5609500132
0.0004588985703,laser0,200,115.5589979,0.5777949897
0.0004590389081,laser0,200,122.768484,0.6138424202
0.000459175743,laser0,200,119.6179922,0.598089961
0.0004593085597,laser0,200,112.4007032,0.5620035158
0.0004594377401,laser0,200,112.8369544,0.5641847718
0.000459562282,laser0,200,105.0754148,0.525377074
0.0004596916787,laser0,200,98.40714888,0.4920357444
0.0004598197115,laser0,200,99.43540357,0.4971770178
0.0004599475892,laser0,200,100.5701315,0.5028506575
0.000460084428,laser0,200,109.1378849,0.5456894244
0.0004602283306,laser0,200,109.1973837,0.5459869184
0.0004603798634,laser0,200,101.7877279,0.5089386393
0.0004604944831,laser0,200,105.2811468,0.5264057338
0.0004606196114,laser0,200,100.551014,0.5027550698
0.0004607377309,laser0,200,103.9958253,0.5199791265
0.0004608196738,laser0,200,99.79211489,0.4989605744
0.0004609123067,laser0,200,100.2198365,0.5010991827
0.0004610162201,laser0,200,107.2679052,0.5363395258
0.0004611300013,laser0,200,113.2434075,0.5662170376
0.000461235708,laser0,200,111.5795313,0.5578976567
0.0004613345977,laser0,200,109.1722085,0.5458610425
0.0004614315356,laser0,200,106.7692587,0.5338462934
0.0004615248685,laser0,200,102.4910666,0.5124553328
0.0004616181304,laser0,200,98.08947227,0.4904473613
0.0004617121561,laser0,200,98.74380104,0.4937190052
0.0004618082771,laser0,200,105.5844896,0.5279224479
0.000461902948,laser0,200,108.5227686,0.5426138432
0.0004619995432,laser0,200,106.4852802,0.5324264011
0.0004621010966,laser0,200,107.2217358,0.5361086791
0.0004622138639,laser0,200,109.5113606,0.5475568028
0.0004623388841,laser0,200,97.6208196,0.488104098
0.000462453857,laser0,200,95.92650401,0.4796325201
0.0004625719157,laser0,200,96.09741945,0.4804870973
0.0004626917811,laser0,200,98.45957016,0.4922978508
0.0004628116439,laser0,200,95.96781208,0.4798390604
0.0004629393787,laser0,200,104.6002331,0.5230011656
0.0004630679184,laser0,200,105.8190444,0.5290952221
0.0004631968698,laser0,200,111.2301518,0.5561507589
0.0004633401052,laser0,200,109.9799532,0.5498997662
0.0004634932025,laser0,200,107.7155649,0.5385778246
0.0004636573051,laser0,200,111.7061021,0.5585305106
0.0004638315529,laser0,200,100.9121756,0.5045608779
0.0004639696673,laser0,200,106.3508953,0.5317544766
0.0004640922136,laser0,200,105.8144964,0.5290724818
0.0004642133568,laser0,200,104.2869919,0.5214349594
0.0004643306493,laser0,200,110.3361177,0.5516805887
0.0004644415441,laser0,200,114.843864,0.5742193202
0.0004645472761,laser0,200,111.3086021,0.5565430106
0.000464664976,laser0,200,104.8241272,0.5241206362
0.0004647806538,laser0,200,105.1425348,0.5257126738
0.0004648834226,laser0,200,109.7526958,0.5487634791
0.0004649780498,laser0,200,109.0703561,0.5453517803
0.0004650674979,laser0,200,100.0259065,0.5001295325
0.0004651640946,laser0,200,101.4615389,0.5073076943
0.0004652673814,laser0,200,103.3910358,0.5169551791
0.0004653742634,laser0,200,99.79747977,0.4989873989
0.0004654823244,laser0,200,97.82008841,0.489100442
0.0004655953618,laser0,200,104.8066423,0.5240332117
0.0004657154806,laser0,200,102.079092,0.5103954599
0.0004658435906,laser0,200,99.77399264,0.4988699632
0.0004659800083,laser0,200,105.2966229,0.5264831143
0.0004661292701,laser0,200,103.1186651,0.5155933256
0.0004662795289,laser0,200,106.7946114,0.5339730568
0.0004664236985,laser0,200,102.411188,0.51205594
0.000466566395,laser0,200,103.0413768,0.515206884
0.0004667086891,laser0,200,105.0308452,0.5251542258
0.0004668513295,laser0,200,109.5247823,0.5476239115
0.0004669786968,laser0,200,110.9064248,0.5545321241
0.0004670904007,laser0,200,114.7841229,0.5739206143
0.0004672012552,laser0,200,117.8551791,0.5892758957
0.000467310977,laser0,200,114.7059767,0.5735298834
0.000467420915,laser0,200,119.1784292,0.5958921459
0.0004675313984,laser0,200,117.227718,0.5861385898
0.0004676430606,laser0,200,114.1350862,0.5706754312
0.0004677512775,laser0,200,114.0523352,0.5702616758
0.0004678580298,laser0,200,115.1526318,0.575763159
0.0004679647525,laser0,200,112.1495067,0.5607475333
0.0004680731117,laser0,200,113.7910036,0.568955018
0.0004681819406,laser0,200,114.9056351,0.5745281756
0.000468289391,laser0,200,117.4954722,0.587477361
0.0004683964654,laser0,200,115.5902324,0.577951162
0.0004685064726,laser0,200,114.3856456,0.5719282278
0.0004686178157,laser0,200,116.7050187,0.5835250934
0.0004687279867,laser0,200,116.2281315,0.5811406575
0.0004688369924,laser0,200,107.6642968,0.5383214841
0.0004689490235,laser0,200,101.9308372,0.5096541858
0.0004690572333,laser0,200,98.84697517,0.4942348758
0.0004691685698,laser0,200,99.77789646,0.4988894823
0.0004692766844,laser0,200,99.40886283,0.4970443141
0.0004693859498,laser0,200,102.005475,0.5100273749
0.0004694911562,laser0,200,103.291344,0.5164567202
0.0004695956331,laser0,200,108.4684041,0.5423420206
0.0004697000502,laser0,200,111.3811771,0.5569058855
0.0004698015553,laser0,200,111.6428979,0.5582144893
0.0004699019426,laser0,200,112.4263982,0.562131991
0.0004700015135,laser0,200,112.3051224,0.561525612
0.0004700995559,laser0,200,110.566489,0.552832445
0.0004701996736,laser0,200,111.614543,0.558072715
0.0004703007247,laser0,200,106.9050259,0.5345251297
0.0004704030733,laser0,200,107.1564603,0.5357823014
0.0004705077944,laser0,200,106.3191539,0.5315957695
0.0004706150769,laser0,200,107.8128383,0.5390641915
0.0004707262161,laser0,200,114.0134265,0.5700671324
0.0004708424316,laser0,200,115.6257196,0.578128598
0.0004709655051,laser0,200,116.2588392,0.5812941959
0.0004710957792,laser0,200,120.5837726,0.6029188629
0.0004712368319,laser0,200,116.9454479,0.5847272397
0.0004713936571,laser0,200,117.838691,0.5891934552
0.0004715439948,laser0,200,115.6877167,0.5784385836
0.000471693186,laser0,200,118.7768093,0.5938840465
0.0004718130528,laser0,200,115.1614906,0.575807453
0.0004719229623,laser0,200,115.5325564,0.577662782
0.000472027597,laser0,200,118.5137845,0.5925689226
0.000472128703,laser0,200,118.4231964,0.5921159819
0.0004722263341,laser0,200,118.5504651,0.5927523257
0.0004723162924,laser0,200,119.7892608,0.5989463039
0.0004723974385,laser0,200,119.130431,0.5956521548
0.0004724806492,laser0,200,117.5116078,0.5875580392
0.000472564228,laser0,200,114.3846233,0.5719231163
0.0004726482856,laser0,200,109.1194225,0.5455971125
0.000472717876,laser0,200,109.2050595,0.5460252976
0.0004727952809,laser0,200,106.0449454,0.5302247268
0.0004728731693,laser0,200,108.491809,0.5424590449
0.000472950928,laser0,200,106.5847999,0.5329239997
0.0004730301175,laser0,200,108.5330396,0.542665198
0.0004731083911,laser0,200,110.4973317,0.5524866587
0.0004731875605,laser0,200,111.3629707,0.5568148536
0.0004732681592,laser0,200,108.0908496,0.5404542479
0.000473347703,laser0,200,110.6974811,0.5534874055
0.0004734278137,laser0,200,114.704892,0.5735244601
0.0004735067072,laser0,200,103.9724647,0.5198623233
0.0004735896294,laser0,200,105.377199,0.5268859951
0.0004736749601,laser0,200,103.7473825,0.5187369127
0.0004737618944,laser0,200,102.0427777,0.5102138884
0.0004738499352,laser0,200,103.5563702,0.5177818509
0.0004739364031,laser0,200,105.5213002,0.5276065012
0.0004740252064,laser0,200,102.4191682,0.5120958408
0.0004741154469,laser0,200,102.6207173,0.5131035864
0.0004742082269,laser0,200,103.3477504,0.5167387522
0.0004743037414,laser0,200,104.7667154,0.5238335772
0.0004744038792,laser0,200,101.6123216,0.5080616082
0.0004745071422,laser0,200,101.5728326,0.5078641629
0.0004746115137,laser0,200,107.2333646,0.5361668231
0.0004747167773,laser0,200,104.6958446,0.523479223
0.0004748146404,laser0,200,106.9030539,0.5345152695
0.0004749217688,laser0,200,102.346513,0.511732565
0.0004750294316,laser0,200,101.4268126,0.5071340631
0.0004751368807,laser0,200,100.8732693,0.5043663465
0.0004752471729,laser0,200,101.2321399,0.5061606995
0.0004753633351,laser0,200,99.14737057,0.4957368528
0.0004754830692,laser0,200,99.19228875,0.4959614437
0.0004756063645,laser0,200,97.89637278,0.4894818639
0.0004757308903,laser0,200,102.0370167,0.5101850833
0.0004758517017,laser0,200,106.1870309,0.5309351546
0.0004759691587,laser0,200,100.0178724,0.500089362
0.0004760848335,laser0,200,97.78948624,0.4889474312
0.0004762010693,laser0,200,103.5848787,0.5179243937
0.0004763169098,laser0,200,100.0222878,0.500111439
0.0004764334671,laser0,200,101.5281224,0.5076406121
0.0004765527298,laser0,200,99.61923549,0.4980961774
0.0004766749062,laser0,200,105.50443,0.5275221499
0.0004768008156,laser0,200,103.446215,0.5172310752
0.0004769297732,laser0,200,103.6266494,0.5181332469
0.0004770615689,laser0,200,107.065575,0.5353278752
0.000477197084,laser0,200,107.878884,0.5393944201
0.0004773380466,laser0,200,107.1756291,0.5358781454
0.0004774855514,laser0,200,104.8493821,0.5242469103
0.0004776407989,laser0,200,103.551421,0.517757105
0.0004778070359,laser0,200,107.0428729,0.5352143645
0.000477981065,laser0,200,104.1458247,0.5207291237
0.0004781597864,laser0,200,114.4277231,0.5721386153
0.000478342062,laser0,200,120.2454109,0.6012270547
0.0004785308621,laser0,200,112.6499259,0.5632496293
0.0004787297762,laser0,200,106.8524784,0.5342623922
0.000478895488,laser0,200,101.1357587,0.5056787933
0.0004790521739,laser0,200,97.63902949,0.4881951475
0.0004792112987,laser0,200,100.8224523,0.5041122617
0.0004793584308,laser0,200,103.9008241,0.5195041207
0.0004794686051,laser0,200,107.3268279,0.5366341395
0.0004795718376,laser0,200,111.2009532,0.5560047662
0.0004796699224,laser0,200,103.5564338,0.5177821692
0.0004797631227,laser0,200,108.7659564,0.5438297821
0.0004798515035,laser0,200,102.2912155,0.5114560774
0.0004799316642,laser0,200,105.737608,0.52868804
0.00048001341,laser0,200,107.0750182,0.5353750909
0.0004800957061,laser0,200,105.2254843,0.5261274213
0.0004801776347,laser0,200,110.134393,0.5506719652
0.0004802604538,laser0,200,106.4759362,0.532379681
0.00048034678,laser0,200,104.9994425,0.5249972126
0.0004804371291,laser0,200,111.7793258,0.5588966288
0.0004805330149,laser0,200,109.5513987,0.5477569933
0.00048059979,laser0,200,108.9526284,0.5447631419
0.0004806747572,laser0,200,105.9201528,0.529600764
0.0004807584087,laser0,200,113.5366867,0.5676834335
0.0004808508021,laser0,200,101.1428508,0.5057142542
0.0004809412906,laser0,200,102.020564,0.5101028199
0.0004810396814,laser0,200,104.3190402,0.5215952009
0.0004811385397,laser0,200,98.06740809,0.4903370404
0.0004812358628,laser0,200,97.82334979,0.489116749
0.0004813322898,laser0,200,97.55016132,0.4877508066
0.0004814287953,laser0,200,100.5661985,0.5028309925
0.0004815270369,laser0,200,101.9288646,0.5096443232
0.0004816234461,laser0,200,104.483698,0.5224184901
0.0004817159447,laser0,200,100.8052743,0.5040263715
0.000481805465,laser0,200,99.35123089,0.4967561545
0.0004818979658,laser0,200,100.7336703,0.5036683517
0.0004819936657,laser0,200,102.3757907,0.5118789534
0.0004820904603,laser0,200,110.6448028,0.5532240141
0.0004821894516,laser0,200,111.1909688,0.5559548438
0.0004822901673,laser0,200,116.2584961,0.5812924806
0.000482388468,laser0,200,116.6474876,0.5832374378
0.0004824833967,laser0,200,112.4779827,0.5623899136
0.0004825764941,laser0,200,105.8915694,0.5294578471
0.0004826708966,laser0,200,110.3850845,0.5519254225
0.0004827677018,laser0,200,110.3011893,0.5515059464
0.0004828648264,laser0,200,106.4199237,0.5320996185
0.0004829631732,laser0,200,107.3926475,0.5369632376
0.0004830611172,laser0,200,103.6392344,0.5181961718
0.0004831601448,laser0,200,107.6011855,0.5380059276
0.0004832613682,laser0,200,102.382078,0.5119103899
0.000483365853,laser0,200,97.69093899,0.488454695
0.0004834750495,laser0,200,96.29984008,0.4814992004
0.0004835892811,laser0,200,99.26102903,0.4963051452
0.0004837082112,laser0,200,97.2258495,0.4861292475
0.0004838296406,laser0,200,95.52762367,0.4776381184
0.0004839528532,laser0,200,101.7208388,0.508604194
0.0004840784567,laser0,200,110.2641516,0.5513207581
0.0004842077322,laser0,200,118.2294453,0.5911472263
0.0004843407069,laser0,200,107.6844909,0.5384224544
0.0004844762265,laser0,200,104.9449133,0.5247245663
0.0004846135956,laser0,200,98.76450082,0.4938225041
0.0004847551033,laser0,200,101.1263456,0.5056317281
0.000484902653,laser0,200,101.4073526,0.5070367631
0.0004850542817,laser0,200,103.2748773,0.5163743864
0.0004852094553,laser0,200,107.619363,0.538096815
0.0004853716815,laser0,200,110.212486,0.55106243
0.0004855427779,laser0,200,110.3824798,0.5519123992
0.0004857094951,laser0,200,106.6324291,0.5331621455
0.0004858710351,laser0,200,107.1533462,0.5357667309
0.0004860334506,laser0,200,104.0225038,0.5201125188
0.0004861995404,laser0,200,100.9880153,0.5049400766
0.0004863688517,laser0,200,104.4824871,0.5224124357
0.0004865381832,laser0,200,108.4881628,0.5424408142
0.0004867039665,laser0,200,105.3341501,0.5266707503
0.0004868513562,laser0,200,109.1206162,0.5456030811
0.0004869875665,laser0,200,110.4365498,0.552182749
0.0004871197882,laser0,200,106.0202663,0.5301013316
0.0004872379099,laser0,200,106.627727,0.5331386348
0.0004873470719,laser0,200,111.0930084,0.5554650419
0.0004874494375,laser0,200,110.447362,0.5522368101
0.0004875469161,laser0,200,115.4944844,0.577472422
0.0004876470409,laser0,200,110.6098809,0.5530494045
0.0004877509865,laser0,200,109.5973095,0.5479865476
0.0004878613249,laser0,200,101.2952595,0.5064762974
0.0004879741611,laser0,200,107.6833325,0.5384166626
0.0004880868598,laser0,200,109.0720519,0.5453602593
0.0004882047483,laser0,200,107.584197,0.5379209852
0.0004883364768,laser0,200,105.165215,0.525826075
0.0004884830857,laser0,200,107.2857831,0.5364289157
0.0004886309672,laser0,200,94.09955166,0.4704977583
0.0004887657012,laser0,200,92.40140185,0.4620070092
0.0004888951937,laser0,200,100.8992791,0.5044963953
0.000489028044,laser0,200,97.23820461,0.486191023
0.0004891663211,laser0,200,95.19596859,0.475979843
0.0004893103816,laser0,200,96.25816139,0.4812908069
0.0004894600907,laser0,200,95.99237337,0.4799618669
0.0004896206337,laser0,200,99.33986283,0.4966993141
0.0004897825637,laser0,200,108.6696356,0.543348178
0.0004899218897,laser0,200,114.6161733,0.5730808664
0.0004900437506,laser0,200,117.6070703,0.5880353517
0.0004901593473,laser0,200,119.3873152,0.5969365758
0.0004902667532,laser0,200,120.70474,0.6035236998
0.0004903752208,laser0,200,117.490402,0.5874520101
0.0004904800022,laser0,200,121.9616226,0.6098081131
0.0004905906652,laser0,200,115.9676584,0.5798382921
0.0004907086729,laser0,200,111.8783861,0.5593919307
0.0004908311951,laser0,200,114.9873523,0.5749367613
0.0004909545712,laser0,200,107.6642257,0.5383211286
0.0004910817664,laser0,200,101.5965903,0.5079829514
0.0004912127694,laser0,200,100.4385682,0.5021928412
0.0004913242669,laser0,200,106.79978,0.5339989
0.0004914324485,laser0,200,107.1480769,0.5357403846
0.000491538938,laser0,200,106.4340685,0.5321703426
0.0004916533144,laser0,200,108.0739792,0.540369896
0.0004917708389,laser0,200,112.0580954,0.5602904772
0.0004918819918,laser0,200,116.7513546,0.5837567732
0.0004919918563,laser0,200,120.2138172,0.6010690862
0.0004921049112,laser0,200,118.2286725,0.5911433625
0.0004922179203,laser0,200,117.7387296,0.588693648
0.00049232872,laser0,200,116.7290844,0.5836454222
0.000492438195,laser0,200,115.9474372,0.5797371859
0.0004925450188,laser0,200,119.9224376,0.5996121879
0.0004926514389,laser0,200,112.4698698,0.5623493491
0.0004927595155,laser0,200,109.3694765,0.5468473825
0.0004928688748,laser0,200,108.6284643,0.5431423216
0.0004929776977,laser0,200,102.2127565,0.5110637825
0.0004930890157,laser0,200,104.8879094,0.5244395472
0.0004932052491,laser0,200,105.6310011,0.5281550054
0.0004933273897,laser0,200,104.7840424,0.5239202119
0.000493440839,laser0,200,105.927384,0.5296369201
0.0004935490322,laser0,200,105.1438596,0.5257192982
0.0004936609024,laser0,200,104.6864708,0.5234323538
0.0004937691819,laser0,200,110.1799992,0.5508999958
0.0004938687097,laser0,200,113.3868793,0.5669343964
0.0004939782952,laser0,200,108.150705,0.5407535249
0.0004941001763,laser0,200,119.4352521,0.5971762607
0.0004942286654,laser0,200,116.2637142,0.5813185711
0.0004943571631,laser0,200,115.3733987,0.5768669936
0.0004944771199,laser0,200,111.4374625,0.5571873124
0.0004945884702,laser0,200,104.5418867,0.5227094337
0.0004946981406,laser0,200,107.6633266,0.5383166329
0.0004948107828,laser0,200,111.3670026,0.5568350128
0.0004949295637,laser0,200,107.9959093,0.5399795463
0.0004950473269,laser0,200,108.7521756,0.5437608778
0.0004951586173,laser0,200,111.0897026,0.555448513
0.0004952673361,laser0,200,112.8767896,0.5643839478
0.0004953759136,laser0,200,113.089439,0.5654471949
0.0004954858695,laser0,200,114.4250917,0.5721254587
0.0004955987695,laser0,200,110.4920884,0.5524604421
0.0004957151496,laser0,200,121.2426151,0.6062130755
0.0004958353313,laser0,200,120.2895969,0.6014479845
0.0004959604177,laser0,200,123.7174007,0.6185870037
0.0004960925866,laser0,200,114.3708477,0.5718542384
0.0004962323261,laser0,200,120.2282165,0.6011410823
0.0004963736528,laser0,200,122.5885047,0.6129425233
0.0004965186798,laser0,200,119.7156684,0.5985783422
0.0004966692411,laser0,200,120.318088,0.6015904401
0.0004968274328,laser0,200,123.1711211,0.6158556054
0.0004969462696,laser0,200,122.4045502,0.6120227509
0.0004970588456,laser0,200,120.7841331,0.6039206653
0.0004971668381,laser0,200,120.7210734,0.6036053671
0.0004972736964,laser0,200,127.3103402,0.636551701
0.0004973880574,laser0,200,122.6355302,0.6131776511
0.0004975032215,laser0,200,123.4006777,0.6170033887
0.0004976210621,laser0,200,112.2354318,0.5611771589
0.000497742541,laser0,200,112.1942005,0.5609710027
0.0004978604714,laser0,200,110.3686145,0.5518430724
0.0004979746062,laser0,200,109.8171164,0.549085582
0.0004980929191,laser0,200,110.5217911,0.5526089556
0.0004982112644,laser0,200,111.3641672,0.5568208358
0.0004983322612,laser0,200,109.806637,0.5490331852
0.0004984470827,laser0,200,113.1239182,0.5656195908
0.0004985466526,laser0,200,107.6547233,0.5382736165
0.000498639856,laser0,200,116.1421333,0.5807106667
0.0004987310571,laser0,200,112.8697243,0.5643486215
0.0004988228349,laser0,200,113.5485043,0.5677425214
0.0004989163862,laser0,200,111.4485321,0.5572426606
0.0004990160715,laser0,200,110.7562396,0.553781198
0.0004991223942,laser0,200,112.5186462,0.5625932308
0.0004992261083,laser0,200,119.8230247,0.5991151235
0.0004993332757,laser0,200,124.4074261,0.6220371304
0.0004994444321,laser0,200,123.3513865,0.6167569327
0.0004995602496,laser0,200,120.1869269,0.6009346344
0.0004996812253,laser0,200,122.1576277,0.6107881385
0.0004998029986,laser0,200,122.2426514,0.611213257
0.0004999267171,laser0,200,120.6076909,0.6030384544
0.0005000471271,laser0,200,120.4250148,0.6021250738
0.0005001769707,laser0,200,121.6183179,0.6080915894
0.0005003124055,laser0,200,119.0674682,0.5953373411
0.0005004360567,laser0,200,118.2031239,0.5910156194
0.0005005733524,laser0,200,112.8490592,0.5642452959
0.0005007146981,laser0,200,111.286668,0.5564333401
0.0005008453582,laser0,200,101.3543758,0.5067718788
0.0005009715635,laser0,200,103.059659,0.5152982951
0.0005011037247,laser0,200,103.1290048,0.515645024
0.0005012267736,laser0,200,102.2296318,0.5111481588
0.0005013637128,laser0,200,106.4659509,0.5323297547
0.0005015035687,laser0,200,109.0790805,0.5453954026
0.0005016593941,laser0,200,105.6999728,0.5284998642
0.0005018239936,laser0,200,102.6111451,0.5130557254
0.0005020039664,laser0,200,105.7088425,0.5285442126
0.0005021703286,laser0,200,104.2500532,0.5212502659
0.0005023292369,laser0,200,105.6915372,0.5284576862
0.0005024886389,laser0,200,108.0565837,0.5402829187
0.0005026392221,laser0,200,109.7388895,0.5486944473
0.0005027832918,laser0,200,110.6838594,0.5534192968
0.0005029246511,laser0,200,116.3287647,0.5816438237
0.0005030665595,laser0,200,114.9462508,0.5747312541
0.0005032103123,laser0,200,113.3285865,0.5666429324
0.000503360258,laser0,200,119.5979393,0.5979896966
0.0005035165267,laser0,200,116.4792831,0.5823964156
0.0005036749716,laser0,200,117.4204854,0.5871024269
0.0005038361534,laser0,200,109.6450225,0.5482251126
0.0005040046269,laser0,200,114.1482501,0.5707412507
0.0005041624172,laser0,200,112.3895809,0.5619479045
0.0005043078083,laser0,200,115.9235296,0.5796176481
0.0005044549056,laser0,200,114.1096642,0.5705483209
0.0005046055981,laser0,200,114.502339,0.5725116948
0.000504732761,laser0,200,113.9878403,0.5699392014
0.000504845965,laser0,200,110.9857289,0.5549286443
0.0005049568306,laser0,200,111.498951,0.5574947549
0.0005050677377,laser0,200,108.1452366,0.5407261829
0.0005051837405,laser0,200,112.0752165,0.5603760823
0.0005053050341,laser0,200,111.5504031,0.5577520156
0.0005054263441,laser0,200,107.6247223,0.5381236116
0.0005055615638,laser0,200,101.9331618,0.509665809
0.0005057016465,laser0,200,103.0567688,0.515283844
0.0005058452731,laser0,200,96.69706067,0.4834853033
0.0005059938273,laser0,200,95.29258537,0.4764629268
0.0005061383136,laser0,200,101.9147946,0.5095739729
0.0005062724921,laser0,200,96.21615847,0.4810807924
0.0005064063044,laser0,200,97.51388091,0.4875694046
0.0005065414001,laser0,200,95.64688192,0.4782344096
0.0005066776341,laser0,200,96.24670575,0.4812335288
0.0005068071944,laser0,200,97.6134138,0.488067069
0.0005069368956,laser0,200,100.5185376,0.5025926882
0.0005070645809,laser0,200,99.31681673,0.4965840837
0.0005071933684,laser0,200,97.22646024,0.4861323012
0.0005073265039,laser0,200,100.7627115,0.5038135575
0.0005074632841,laser0,200,103.7231414,0.5186157072
0.0005075993847,laser0,200,93.89455668,0.4694727834
0.0005077446337,laser0,200,88.64532442,0.4432266221
0.0005078684751,laser0,200,90.3195202,0.451597601
0.0005079697023,laser0,200,95.25826037,0.4762913019
0.0005080824671,laser0,200,103.6190678,0.5180953389
0.0005082085762,laser0,200,100.8963007,0.5044815033
0.0005083443078,laser0,200,93.6058066,0.468029033
0.0005084897687,laser0,200,95.15936253,0.4757968126
0.0005086342121,laser0,200,95.7809231,0.4789046155
0.000508747458,laser0,200,101.3600863,0.5068004314
0.000508870768,laser0,200,102.1749552,0.5108747759
0.0005090037479,laser0,200,99.7354184,0.498677092
0.0005091483339,laser0,200,105.7331852,0.5286659259
0.0005093088511,laser0,200,109.2157699,0.5460788495
0.0005094867306,laser0,200,102.7058116,0.5135290581
0.0005096649898,laser0,200,103.6515776,0.518257888
0.0005098495273,laser0,200,106.1468112,0.5307340562
0.0005100398348,laser0,200,111.9792321,0.5598961604
0.0005102412153,laser0,200,113.4853067,0.5674265334
0.0005104597629,laser0,200,114.0171861,0.5700859305
0.0005106221116,laser0,200,112.7314245,0.5636571224
0.0005107376577,laser0,200,107.5172719,0.5375863597
0.0005108474337,laser0,200,110.5305562,0.5526527811
0.0005109575434,laser0,200,117.5370036,0.5876850178
0.000511061952,laser0,200,115.971357,0.579856785
0.0005111631833,laser0,200,115.8953018,0.5794765089
0.0005112639373,laser0,200,115.3526048,0.5767630242
0.0005113748694,laser0,200,124.0706449,0.6203532245
0.000511497369,laser0,200,116.5606293,0.5828031464
0.0005116323135,laser0,200,114.2915035,0.5714575176
0.00051177974,laser0,200,117.6675588,0.588337794
0.0005119388969,laser0,200,116.6895051,0.5834475256
0.0005120720684,laser0,200,108.672901,0.5433645051
0.0005121499202,laser0,200,114.5782151,0.5728910754
0.0005122179197,laser0,200,120.6100341,0.6030501705
0.0005122817779,laser0,200,122.3695084,0.6118475418
0.0005123488927,laser0,200,122.0340407,0.6101702037
0.0005124217352,laser0,200,123.8724626,0.6193623132
0.0005124972651,laser0,200,125.95956,0.6297978
0.0005125822085,laser0,200,130.2532037,0.6512660185
0.000512678065,laser0,200,127.1986196,0.6359930979
0.0005127781643,laser0,200,125.0811966,0.6254059829
0.0005128674687,laser0,200,124.5375996,0.6226879979
0.0005129509954,laser0,200,124.4477991,0.6222389957
0.0005130298603,laser0,200,125.9419402,0.6297097012
0.0005131054549,laser0,200,120.6868792,0.6034343958
0.0005131872618,laser0,200,116.5303553,0.5826517765
0.0005132724459,laser0,200,114.3009876,0.571504938
0.0005133598279,laser0,200,115.2200268,0.5761001341
0.0005134518191,laser0,200,118.0566791,0.5902833955
0.0005135504457,laser0,200,111.513876,0.5575693802
0.0005136515479,laser0,200,113.2667731,0.5663338653
0.0005137591058,laser0,200,107.0859212,0.5354296062
0.0005138664987,laser0,200,102.3386477,0.5116932385
0.0005139759314,laser0,200,102.0357569,0.5101787845
0.0005140923083,laser0,200,104.5213215,0.5226066077
0.0005142082708,laser0,200,105.567896,0.5278394798
0.0005143240049,laser0,200,106.6842475,0.5334212375
0.0005144398915,laser0,200,105.3962047,0.5269810237
0.000514552808,laser0,200,112.0286902,0.5601434511
0.0005146686085,laser0,200,107.8425677,0.5392128385
0.0005147902745,laser0,200,106.1902452,0.5309512258
0.0005149164606,laser0,200,110.5499056,0.5527495281
0.0005150461738,laser0,200,110.9746346,0.5548731731
0.0005151793718,laser0,200,112.3502766,0.561751383
0.0005153156507,laser0,200,111.805494,0.5590274702
0.0005154542678,laser0,200,109.3283684,0.5466418418
0.000515596833,laser0,200,109.4304386,0.5471521931
0.0005157406925,laser0,200,108.7606934,0.5438034671
0.0005158848449,laser0,200,108.4349031,0.5421745154
0.0005160306998,laser0,200,104.7157037,0.5235785186
0.000516177787,laser0,200,101.9133862,0.509566931
0.000516326288,laser0,200,100.7823992,0.5039119958
0.0005164743221,laser0,200,95.71644523,0.4785822262
0.0005166251928,laser0,200,100.9442965,0.5047214825
0.0005167771119,laser0,200,101.624238,0.5081211902
0.0005169308104,laser0,200,102.8754352,0.514377176
0.0005170852426,laser0,200,105.4148876,0.5270744381
0.0005172443269,laser0,200,103.723815,0.518619075
0.0005173987368,laser0,200,98.08737221,0.490436861
0.0005175595501,laser0,200,93.74020341,0.468701017
0.0005177316239,laser0,200,92.11039886,0.4605519943
0.0005179228418,laser0,200,99.195252,0.49597626
0.0005181171029,laser0,200,93.3823621,0.4669118105
0.000518284737,laser0,200,95.23181857,0.4761590929
0.0005184330536,laser0,200,101.7480138,0.5087400688
0.0005185752998,laser0,200,103.8226812,0.5191134059
0.0005187168658,laser0,200,96.90508704,0.4845254352
0.0005188622896,laser0,200,93.6044529,0.4680222645
0.0005190149207,laser0,200,93.04302014,0.4652151007
0.0005191732649,laser0,200,94.47457647,0.4723728824
0.0005193475217,laser0,200,100.8152824,0.5040764122
0.0005195386563,laser0,200,98.69173995,0.4934586998
0.000519725292,laser0,200,96.71781432,0.4835890716
0.0005198760944,laser0,200,94.82754111,0.4741377056
0.000520043938,laser0,200,101.3270432,0.5066352158
0.0005202093596,laser0,200,102.1342476,0.5106712378
0.0005203674152,laser0,200,101.2993287,0.5064966435
0.0005204918322,laser0,200,107.0472335,0.5352361674
0.0005205878685,laser0,200,108.4167239,0.5420836197
0.0005206837971,laser0,200,111.6217765,0.5581088825
0.0005207814982,laser0,200,114.9833037,0.5749165185
0.0005208778783,laser0,200,105.8922175,0.5294610877
0.0005209613901,laser0,200,107.507442,0.5375372099
0.0005210424808,laser0,200,109.1360253,0.5456801264
0.0005211236213,laser0,200,108.0105335,0.5400526673
0.0005212065444,laser0,200,106.9254116,0.5346270579
0.0005212933527,laser0,200,111.641538,0.5582076901
0.0005213861404,laser0,200,110.8952849,0.5544764244
0.0005214892545,laser0,200,113.6981289,0.5684906447
0.0005215992693,laser0,200,108.7987819,0.5439939095
0.0005217088579,laser0,200,114.831773,0.574158865
0.0005218204404,laser0,200,111.2214089,0.5561070443
0.0005219340723,laser0,200,113.3855252,0.566927626
0.0005220380762,laser0,200,106.0159067,0.5300795337
0.0005221386418,laser0,200,105.300456,0.5265022802
0.000522243231,laser0,200,107.3607455,0.5368037277
0.0005223312199,laser0,200,109.9003894,0.5495019472
0.0005224301265,laser0,200,109.3835978,0.5469179888
0.0005225333349,laser0,200,109.1036943,0.5455184715
0.0005226426514,laser0,200,109.3714571,0.5468572855
0.0005227468508,laser0,200,108.9318472,0.544659236
0.0005228525356,laser0,200,106.3916172,0.5319580861
0.0005229532009,laser0,200,114.2392281,0.5711961405
0.0005230544602,laser0,200,118.3478766,0.591739383
0.0005231508204,laser0,200,124.7566897,0.6237834484
0.0005232533363,laser0,200,115.0761793,0.5753808965
0.0005233545455,laser0,200,116.8462341,0.5842311707
0.0005234590955,laser0,200,117.7437463,0.5887187317
0.0005235642273,laser0,200,106.3742196,0.5318710978
0.0005236701457,laser0,200,113.3433128,0.5667165642
0.0005237776867,laser0,200,112.2596638,0.5612983189
0.0005238869744,laser0,200,112.4207409,0.5621037045
0.000523999029,laser0,200,109.1933534,0.5459667669
0.0005241141072,laser0,200,110.6819057,0.5534095284
0.0005242216754,laser0,200,114.4451631,0.5722258154
0.0005243335218,laser0,200,115.550671,0.577753355
0.0005244326416,laser0,200,114.1368717,0.5706843585
0.0005245435223,laser0,200,113.6107888,0.5680539438
0.0005246594349,laser0,200,116.3631619,0.5818158096
0.0005247806469,laser0,200,118.9182233,0.5945911164
0.0005249055707,laser0,200,122.6232705,0.6131163527
0.0005250348538,laser0,200,113.2316703,0.5661583513
0.0005251643216,laser0,200,111.1399999,0.5556999995
0.0005252949058,laser0,200,112.562025,0.5628101249
0.0005254261536,laser0,200,112.8312756,0.5641563782
0.0005255523741,laser0,200,110.1984165,0.5509920824
0.0005256621712,laser0,200,110.4774807,0.5523874037
0.0005257508099,laser0,200,98.54959442,0.4927479721
0.0005258414198,laser0,200,94.4306766,0.472153383
0.0005259342002,laser0,200,98.54422533,0.4927211266
0.0005260284424,laser0,200,94.47419352,0.4723709676
0.0005261250712,laser0,200,91.63871684,0.4581935842
0.0005262299238,laser0,200,93.10919482,0.4655459741
0.000526340515,laser0,200,94.58051447,0.4729025724
0.0005264534255,laser0,200,95.17919231,0.4758959615
0.0005265702741,laser0,200,96.45021293,0.4822510646
0.0005266997413,laser0,200,102.345913,0.5117295652
0.0005268298974,laser0,200,102.3017557,0.5115087787
0.0005269623245,laser0,200,103.2171986,0.5160859929
0.0005270967987,laser0,200,101.1706882,0.5058534409
0.0005272351798,laser0,200,98.90158388,0.4945079194
0.0005273758796,laser0,200,109.3413264,0.5467066318
0.0005274950871,laser0,200,104.6815735,0.5234078676
0.0005276109702,laser0,200,102.3513437,0.5117567187
0.0005277312572,laser0,200,110.5533056,0.5527665281
0.0005278528714,laser0,200,105.8458752,0.5292293761
0.0005279862653,laser0,200,104.4912643,0.5224563215
0.0005281307049,laser0,200,109.3726643,0.5468633217
0.0005282785936,laser0,200,112.455314,0.5622765699
0.000528427424,laser0,200,115.8326499,0.5791632497
0.0005285665437,laser0,200,114.2039261,0.5710196306
0.0005286942217,laser0,200,113.7713661,0.5688568306
0.0005288115347,laser0,200,110.1177004,0.5505885021
0.0005289241526,laser0,200,113.4459463,0.5672297314
0.0005290377747,laser0,200,107.7967632,0.5389838159
0.000529151345,laser0,200,104.2364355,0.5211821775
0.0005292656257,laser0,200,100.1002316,0.5005011579
0.000529386262,laser0,200,101.9805085,0.5099025426
0.0005295133662,laser0,200,103.896801,0.5194840049
0.0005296405275,laser0,200,106.3077653,0.5315388267
0.0005297661622,laser0,200,108.0113243,0.5400566214
0.0005298900413,laser0,200,109.5479804,0.547739902
0.0005300132658,laser0,200,111.6947885,0.5584739424
0.0005301374343,laser0,200,111.3442405,0.5567212023
0.0005302518458,laser0,200,112.2138434,0.5610692171
0.0005303563486,laser0,200,108.3472784,0.5417363918
0.0005304477394,laser0,200,116.8989269,0.5844946344
0.0005305214576,laser0,200,116.09239,0.5804619501
0.0005305963851,laser0,200,108.6047674,0.5430238368
0.0005306651391,laser0,200,103.9203206,0.5196016029
0.0005307363321,laser0,200,108.6221451,0.5431107253
0.0005308040376,laser0,200,114.0794158,0.5703970789
0.0005308721937,laser0,200,113.5068086,0.567534043
0.0005309423425,laser0,200,113.141451,0.565707255
0.0005310149454,laser0,200,116.2077204,0.581038602
0.0005310949018,laser0,200,105.9887514,0.5299437568
0.0005311803972,laser0,200,105.39919,0.52699595
0.000531268424,laser0,200,109.2927325,0.5464636625
0.0005313571014,laser0,200,111.4160448,0.5570802239
0.0005314451572,laser0,200,110.2943931,0.5514719653
0.0005315353019,laser0,200,118.8698318,0.594349159
0.000531621921,laser0,200,117.7040235,0.5885201175
0.0005317081213,laser0,200,111.8652126,0.5593260628
0.0005317956174,laser0,200,118.0472551,0.5902362755
0.0005318802722,laser0,200,119.3689763,0.5968448817
0.0005319653303,laser0,200,117.0719664,0.5853598322
0.0005320521405,laser0,200,117.3163167,0.5865815833
0.0005321374815,laser0,200,124.2305503,0.6211527516
0.0005322241914,laser0,200,123.0572856,0.6152864279
0.0005323116908,laser0,200,122.7781407,0.6138907035
0.0005324002431,laser0,200,119.8954532,0.5994772661
0.0005324912788,laser0,200,118.7793487,0.5938967437
0.0005325850779,laser0,200,120.0489318,0.600244659
0.0005326818267,laser0,200,117.5868202,0.5879341009
0.0005327809205,laser0,200,116.5997607,0.5829988034
0.0005328836509,laser0,200,116.3802295,0.5819011476
0.0005329900791,laser0,200,112.6863961,0.5634319803
0.0005331009347,laser0,200,110.7038929,0.5535194644
0.0005332165145,laser0,200,111.0809097,0.5554045486
0.0005333361118,laser0,200,105.7551442,0.5287757209
0.0005334609497,laser0,200,104.0879019,0.5204395095
0.0005335892459,laser0,200,100.8269889,0.5041349447
0.0005337185256,laser0,200,98.18675117,0.4909337559
0.000533849649,laser0,200,103.3436193,0.5167180966
0.0005339827683,laser0,200,102.7985311,0.5139926556
0.0005341184285,laser0,200,98.57214905,0.4928607453
0.0005342574175,laser0,200,97.90543283,0.4895271642
0.0005343998678,laser0,200,98.16617258,0.4908308629
0.0005345368886,laser0,200,97.82774264,0.4891387132
0.0005346664742,laser0,200,100.4031045,0.5020155227
0.0005347973178,laser0,200,101.8627923,0.5093139617
0.0005349306975,laser0,200,110.0101517,0.5500507583
0.0005350655922,laser0,200,109.9687115,0.5498435574
0.0005351862274,laser0,200,112.2030568,0.5610152841
0.0005353208618,laser0,200,112.2033578,0.561016789
0.000535431429,laser0,200,113.7156211,0.5685781055
0.0005355493974,laser0,200,113.3600978,0.566800489
0.0005356628299,laser0,200,114.9658398,0.5748291991
0.0005357772233,laser0,200,118.2209909,0.5911049546
0.0005359043491,laser0,200,115.0970064,0.5754850322
0.0005360435082,laser0,200,110.7968663,0.5539843317
0.0005361921953,laser0,200,108.8262948,0.5441314742
0.0005363435214,laser0,200,111.1504245,0.5557521224
0.0005364993071,laser0,200,109.6018387,0.5480091935
0.000536660441,laser0,200,112.6411772,0.5632058859
0.0005368326747,laser0,200,114.0403164,0.5702015822
0.0005369648528,laser0,200,114.3759472,0.5718797362
0.0005370788465,laser0,200,110.3674915,0.5518374573
0.0005371978491,laser0,200,106.385371,0.531926855
0.000537319022,laser0,200,108.5255219,0.5426276095
0.0005374442822,laser0,200,111.2041922,0.5560209608
0.0005375706921,laser0,200,116.0561419,0.5802807095
0.0005377116364,laser0,200,111.8805967,0.5594029834
0.0005378601913,laser0,200,115.3848266,0.5769241329
0.0005380038381,laser0,200,116.7450191,0.5837250956
0.0005381375758,laser0,200,106.5605619,0.5328028096
0.0005382677572,laser0,200,114.2784419,0.5713922097
0.0005384003405,laser0,200,116.0442354,0.5802211771
0.0005385387008,laser0,200,108.1437224,0.5407186121
0.0005386778463,laser0,200,110.6909993,0.5534549967
0.0005388280771,laser0,200,111.9293971,0.5596469856
0.000538995342,laser0,200,111.4391024,0.5571955122
0.0005391296021,laser0,200,117.5727693,0.5878638465
0.0005392801169,laser0,200,118.3655366,0.591827683
0.0005394300368,laser0,200,122.83953,0.6141976499
0.0005395746359,laser0,200,117.7237378,0.5886186892
0.000539724852,laser0,200,121.6531527,0.6082657637
0.0005398402881,laser0,200,119.436869,0.597184345
0.0005399342076,laser0,200,118.8560571,0.5942802854
0.0005400162357,laser0,200,123.3070277,0.6165351384
0.0005400949448,laser0,200,120.1470885,0.6007354427
0.0005401720167,laser0,200,114.6247757,0.5731238785
0.000540249488,laser0,200,110.370385,0.5518519251
0.0005403282986,laser0,200,111.4927808,0.5574639041
0.0005404108277,laser0,200,111.4429713,0.5572148563
0.0005404968383,laser0,200,106.1889067,0.5309445334
0.0005405844899,laser0,200,104.5122284,0.5225611419
0.0005406813186,laser0,200,104.6155643,0.5230778216
0.0005407794918,laser0,200,106.0931244,0.5304656221
0.000540881004,laser0,200,109.1112193,0.5455560963
0.0005409883101,laser0,200,105.4233487,0.5271167435
0.000541100749,laser0,200,108.2897508,0.5414487541
0.0005412069676,laser0,200,109.8928447,0.5494642235
0.0005413170936,laser0,200,102.6237412,0.5131187058
0.000541427305,laser0,200,105.2336964,0.5261684822
0.000541546089,laser0,200,103.7340577,0.5186702885
0.0005416736641,laser0,200,101.8717549,0.5093587743
0.0005418063453,laser0,200,102.8148026,0.5140740131
0.0005419447998,laser0,200,99.0281114,0.495140557
0.0005420904497,laser0,200,101.7571441,0.5087857206
0.0005422381948,laser0,200,104.1002899,0.5205014493
0.00054238153,laser0,200,103.0085187,0.5150425934
0.0005425106082,laser0,200,102.9056532,0.5145282658
0.000542636802,laser0,200,106.6091045,0.5330455225
0.0005427458099,laser0,200,110.9989888,0.554994944
0.0005428457618,laser0,200,109.8201176,0.5491005879
0.0005429431222,laser0,200,109.4788256,0.547394128
0.000543029685,laser0,200,110.4682026,0.5523410131
0.0005431146845,laser0,200,110.9298295,0.5546491474
0.0005432000203,laser0,200,111.772792,0.55886396
0.0005432845699,laser0,200,108.7430567,0.5437152835
0.0005433710508,laser0,200,109.8672994,0.5493364969
0.0005434595925,laser0,200,104.666036,0.52333018
0.0005435530291,laser0,200,107.835465,0.5391773251
0.000543645636,laser0,200,110.5115199,0.5525575994
0.0005437352275,laser0,200,109.850516,0.5492525798
0.0005438233829,laser0,200,112.0484669,0.5602423345
0.0005439067833,laser0,200,116.7077045,0.5835385224
0.0005439902152,laser0,200,114.5744531,0.5728722653
0.0005440747989,laser0,200,116.9994163,0.5849970815
0.0005441608506,laser0,200,118.159414,0.5907970701
0.000544248461,laser0,200,117.9092613,0.5895463064
0.0005443366861,laser0,200,118.0079301,0.5900396503
0.0005444266672,laser0,200,123.7500888,0.6187504441
0.0005445194593,laser0,200,118.9857657,0.5949288284
0.0005446161829,laser0,200,119.8674851,0.5993374255
0.0005447174386,laser0,200,124.8450369,0.6242251846
0.0005448239416,laser0,200,125.9830607,0.6299153033
0.0005449365624,laser0,200,122.6229558,0.613114779
0.0005450566452,laser0,200,120.3862927,0.6019314634
0.0005451821553,laser0,200,110.0385409,0.5501927047
0.0005453157395,laser0,200,109.0617202,0.5453086009
0.000545456969,laser0,200,102.9148843,0.5145744217
0.0005456058355,laser0,200,101.4858058,0.5074290292
0.0005457629844,laser0,200,99.01711852,0.4950855926
0.000545934962,laser0,200,90.81446351,0.4540723176
0.0005460949184,laser0,200,99.056382,0.49528191
0.0005462492311,laser0,200,100.7680178,0.5038400891
0.0005463804587,laser0,200,101.4259636,0.5071298181
0.0005465023081,laser0,200,94.59476792,0.4729738396
0.0005466084271,laser0,200,102.1380038,0.5106900188
0.0005467129058,laser0,200,101.7897577,0.5089487887
0.0005468159096,laser0,200,101.3098571,0.5065492856
0.0005469193095,laser0,200,101.6479533,0.5082397667
0.0005470230619,laser0,200,100.168566,0.5008428301
0.0005471028116,laser0,200,103.8196562,0.5190982812
0.0005471914937,laser0,200,102.6991574,0.5134957868
0.0005472837291,laser0,200,105.2102187,0.5260510934
0.0005473801099,laser0,200,102.9167188,0.5145835938
0.0005474776814,laser0,200,106.1933728,0.5309668642
0.000547573341,laser0,200,103.7593339,0.5187966695
0.0005476733494,laser0,200,99.91469427,0.4995734713
0.0005477777748,laser0,200,103.1315874,0.5156579371
0.0005478890557,laser0,200,110.2192174,0.5510960872
0.0005480067622,laser0,200,107.4177146,0.5370885729
0.0005481294218,laser0,200,104.5155521,0.5225777607
0.0005482573605,laser0,200,105.6932985,0.5284664924
0.0005483870298,laser0,200,106.9382792,0.5346913958
0.0005485185768,laser0,200,105.5016571,0.5275082856
0.0005486555025,laser0,200,100.7211426,0.5036057132
0.0005487922782,laser0,200,105.2943577,0.5264717887
0.0005489323601,laser0,200,106.3945502,0.5319727511
0.0005490707529,laser0,200,108.5974329,0.5429871647
0.000549207131,laser0,200,106.1804253,0.5309021266
0.0005493422974,laser0,200,103.1635347,0.5158176733
0.0005494804091,laser0,200,109.8856952,0.549428476
0.0005496266417,laser0,200,111.8693038,0.5593465188
0.0005497807025,laser0,200,113.0998537,0.5654992683
0.0005499472358,laser0,200,113.1763568,0.5658817841
0.0005501317165,laser0,200,112.5704729,0.5628523645
0.0005503311826,laser0,200,112.8912681,0.5644563407
0.0005505411111,laser0,200,123.2962042,0.6164810209
0.0005507515849,laser0,200,111.7220056,0.5586100281
0.0005509457792,laser0,200,115.1248824,0.5756244119
0.0005511015757,laser0,200,121.7299095,0.6086495473
0.0005512426193,laser0,200,120.5096159,0.6025480796
0.0005513771397,laser0,200,117.0392228,0.5851961141
0.0005515259328,laser0,200,124.6613266,0.6233066331
0.0005516770813,laser0,200,120.4709287,0.6023546435
0.000551833955,laser0,200,111.9865043,0.5599325217
0.0005519968956,laser0,200,108.9162508,0.5445812541
0.0005521564547,laser0,200,110.7990629,0.5539953143
0.0005522880243,laser0,200,112.4457506,0.5622287532
0.0005524203314,laser0,200,107.3325923,0.5366629617
0.0005525536915,laser0,200,106.9278736,0.5346393681
0.000552685195,laser0,200,109.0885534,0.5454427668
0.0005528206436,laser0,200,98.96990189,0.4948495095
0.0005529342697,laser0,200,95.13611225,0.4756805613
0.0005530615519,laser0,200,87.0576539,0.4352882695
0.0005531986207,laser0,200,88.90953566,0.4445476783
0.0005533366558,laser0,200,92.39341631,0.4619670816
0.000553479696,laser0,200,102.5502536,0.5127512681
0.000553630114,laser0,200,103.1569412,0.5157847058
0.0005537701709,laser0,200,102.6345588,0.5131727938
0.0005539004605,laser0,200,101.6843479,0.5084217396
0.0005540453844,laser0,200,93.37921079,0.466896054
0.0005541981726,laser0,200,93.2401163,0.4662005815
0.0005543601196,laser0,200,101.1761162,0.5058805809
0.0005545277275,laser0,200,95.8595149,0.4792975745
0.0005546958163,laser0,200,100.9156577,0.5045782883
0.0005548617603,laser0,200,104.3859698,0.5219298488
0.0005550333296,laser0,200,101.5872404,0.5079362019
0.0005552158393,laser0,200,102.6699623,0.5133498115
0.0005554090519,laser0,200,107.4973768,0.5374868838
0.0005555907378,laser0,200,106.07665,0.53038325
0.0005557646932,laser0,200,105.6921665,0.5284608327
0.0005559353768,laser0,200,104.3045835,0.5215229177
0.0005561060414,laser0,200,103.8338324,0.5191691622
0.0005562655637,laser0,200,97.13269124,0.4856634562
0.0005563723514,laser0,200,100.6577513,0.5032887563
0.0005564894539,laser0,200,97.42626251,0.4871313125
0.0005566064986,laser0,200,104.4206273,0.5221031363
0.0005567273165,laser0,200,102.1296403,0.5106482013
0.0005568577117,laser0,200,106.0336999,0.5301684997
0.0005570028189,laser0,200,103.5372476,0.517686238
0.0005571473105,laser0,200,107.0136654,0.5350683272
0.0005572830379,laser0,200,112.4034683,0.5620173413
0.0005574108973,laser0,200,127.6138484,0.6380692419
0.0005575353036,laser0,200,117.7193599,0.5885967997
0.0005576578696,laser0,200,114.0954628,0.5704773139
0.0005577763065,laser0,200,105.1697816,0.5258489081
0.0005578902749,laser0,200,105.6934202,0.528467101
0.00055800333,laser0,200,107.4548421,0.5372742103
0.0005581178842,laser0,200,110.6161499,0.5530807493
0.0005582356386,laser0,200,117.9502471,0.5897512355
0.0005583565766,laser0,200,114.8800492,0.5744002461
0.0005584829757,laser0,200,117.6925602,0.5884628012
0.0005586033424,laser0,200,117.426455,0.5871322752
0.0005587179326,laser0,200,115.6707309,0.5783536544
0.0005588273039,laser0,200,111.8320746,0.5591603729
0.000558939015,laser0,200,109.385115,0.546925575
0.0005590478422,laser0,200,110.7512718,0.5537563591
0.0005591572916,laser0,200,120.1957046,0.600978523
0.0005592746249,laser0,200,121.2487759,0.6062438795
0.0005594057477,laser0,200,121.6846904,0.608423452
0.000559524716,laser0,200,120.4639067,0.6023195336
0.0005596385183,laser0,200,118.512963,0.5925648152
0.0005597444765,laser0,200,117.6745878,0.5883729388
0.0005598450655,laser0,200,120.2402283,0.6012011413
0.0005599411486,laser0,200,122.0927605,0.6104638023
0.0005600344726,laser0,200,119.9153272,0.5995766358
0.0005601268833,laser0,200,119.9222387,0.5996111936
0.0005602194518,laser0,200,123.1694693,0.6158473465
0.000560311532,laser0,200,120.7728498,0.603864249
0.0005603963872,laser0,200,117.8070054,0.5890350272
0.0005604750029,laser0,200,119.284825,0.5964241249
0.0005605519105,laser0,200,115.5547214,0.5777736069
0.0005606241524,laser0,200,116.5995854,0.5829979268
0.0005606947811,laser0,200,113.1925114,0.5659625568
0.0005607643131,laser0,200,113.3401751,0.5667008757
0.0005608349706,laser0,200,109.7573349,0.5487866744
0.0005609066425,laser0,200,111.8738129,0.5593690647
0.0005609809791,laser0,200,110.2455421,0.5512277103
0.0005610558338,laser0,200,108.9846532,0.544923266
0.000561132934,laser0,200,111.1622558,0.5558112789
0.0005612124835,laser0,200,107.2813685,0.5364068425
0.0005612956223,laser0,200,110.8160456,0.554080228
0.0005613822815,laser0,200,110.5444991,0.5527224955
0.0005614728338,laser0,200,108.9372695,0.5446863473
0.0005615678347,laser0,200,110.1828261,0.5509141307
0.0005616687368,laser0,200,111.6694987,0.5583474933
0.0005617770725,laser0,200,112.1283385,0.5606416924
0.0005618936078,laser0,200,110.5066423,0.5525332113
0.0005620171943,laser0,200,111.5703129,0.5578515646
0.0005621427951,laser0,200,113.3549035,0.5667745176
0.0005622643135,laser0,200,110.3408321,0.5517041607
0.0005623739166,laser0,200,107.3531034,0.5367655169
0.0005624728292,laser0,200,112.3012378,0.5615061892
0.0005625664367,laser0,200,115.7800677,0.5789003384
0.0005626557231,laser0,200,110.6231412,0.5531157059
0.000562741599,laser0,200,106.2930156,0.5314650781
0.0005628293205,laser0,200,107.5173964,0.537586982
0.0005629197032,laser0,200,110.7786734,0.553893367
0.0005630008552,laser0,200,109.6748511,0.5483742554
0.0005630704193,laser0,200,107.7835147,0.5389175733
0.0005631368749,laser0,200,114.4613117,0.5723065585
0.0005632004216,laser0,200,112.9989564,0.5649947822
0.0005632619841,laser0,200,112.9206678,0.5646033389
0.0005633219728,laser0,200,114.4263553,0.5721317763
0.0005633835917,laser0,200,116.6463244,0.5832316221
0.0005634504574,laser0,200,111.0075331,0.5550376654
0.0005635197385,laser0,200,112.237423,0.5611871151
0.000563588798,laser0,200,113.2864814,0.5664324071
0.0005636576006,laser0,200,118.307857,0.5915392849
0.0005637282121,laser0,200,110.2894912,0.551447456
0.0005637994263,laser0,200,111.5700891,0.5578504456
0.0005638713381,laser0,200,114.2894866,0.5714474328
0.0005639436526,laser0,200,108.8815997,0.5444079983
0.0005640144705,laser0,200,111.8816242,0.5594081211
0.0005640854319,laser0,200,118.6540817,0.5932704085
0.0005641571021,laser0,200,117.706662,0.5885333099
0.0005642297018,laser0,200,118.2758781,0.5913793906
0.000564302949,laser0,200,116.1638032,0.5808190161
0.0005643769836,laser0,200,122.1276464,0.6106382321
0.0005644524806,laser0,200,121.3236247,0.6066181236
0.0005645238953,laser0,200,121.1028615,0.6055143075
0.0005645860362,laser0,200,118.3666571,0.5918332855
0.000564643263,laser0,200,121.5734795,0.6078673975
0.0005646985091,laser0,200,121.9283852,0.6096419259
0.0005647538694,laser0,200,123.7536477,0.6187682383
0.0005648118184,laser0,200,123.522356,0.6176117802
0.0005648698407,laser0,200,119.4744661,0.5973723303
0.0005649252521,laser0,200,122.3687949,0.6118439744
0.0005649800421,laser0,200,123.2257126,0.6161285629
0.0005650356182,laser0,200,115.3273462,0.576636731
0.0005650936641,laser0,200,113.3664731,0.5668323653
0.0005651550348,laser0,200,111.2668958,0.5563344791
0.000565220114,laser0,200,114.2240119,0.5711200597
0.0005652897196,laser0,200,107.4780718,0.5373903589
0.0005653589783,laser0,200,107.3991423,0.5369957114
0.0005654289356,laser0,200,109.0101956,0.5450509781
0.0005655007793,laser0,200,111.8377818,0.5591889091
0.000565575307,laser0,200,113.2783297,0.5663916484
0.0005656538046,laser0,200,113.0663581,0.5653317905
0.0005657375763,laser0,200,111.4802028,0.5574010138
0.0005658278079,laser0,200,109.5199947,0.5475999734
0.0005659261085,laser0,200,111.4428397,0.5572141984
0.0005660271453,laser0,200,108.218939,0.5410946949
0.0005661308534,laser0,200,111.4359088,0.5571795441
0.0005662403608,laser0,200,111.9172142,0.5595860708
0.00056635771,laser0,200,106.894343,0.5344717152
0.0005664754645,laser0,200,105.6907253,0.5284536266
0.0005665947652,laser0,200,115.4562266,0.5772811328
0.0005667171263,laser0,200,116.4328782,0.5821643911
0.0005668441636,laser0,200,114.3290421,0.5716452105
0.0005669774575,laser0,200,117.1487204,0.5857436021
0.0005671187262,laser0,200,118.7813563,0.5939067816
0.0005672657932,laser0,200,114.6748729,0.5733743645
0.000567427344,laser0,200,112.7569539,0.5637847696
0.0005676011967,laser0,200,113.9289022,0.569644511
0.0005677416955,laser0,200,114.3036778,0.5715183888
0.0005678607925,laser0,200,116.8471347,0.5842356737
0.0005679588929,laser0,200,117.0331729,0.5851658645
0.0005680491131,laser0,200,117.8405152,0.5892025758
0.0005681367874,laser0,200,120.8669779,0.6043348894
0.0005682249868,laser0,200,118.9602826,0.5948014128
0.000568314028,laser0,200,119.2309253,0.5961546266
0.0005684014368,laser0,200,114.5881078,0.5729405392
0.0005684856525,laser0,200,111.8412363,0.5592061814
0.0005685679722,laser0,200,115.6847076,0.5784235381
0.0005686506611,laser0,200,115.5726013,0.5778630064
0.000568734697,laser0,200,112.1525521,0.5607627605
0.0005688218576,laser0,200,120.9507766,0.6047538829
0.0005689121371,laser0,200,124.0092051,0.6200460256
0.0005690070772,laser0,200,122.1119501,0.6105597507
0.0005691080248,laser0,200,118.9805179,0.5949025893
0.0005692135311,laser0,200,116.4385355,0.5821926776
0.0005693217749,laser0,200,123.9860499,0.6199302494
0.0005694325695,laser0,200,118.7712654,0.5938563272
0.0005695443492,laser0,200,119.3261401,0.5966307005
0.0005696531623,laser0,200,121.8691841,0.6093459206
0.0005697574917,laser0,200,126.0204223,0.6301021113
0.0005698571846,laser0,200,121.9085971,0.6095429856
0.0005699568425,laser0,200,110.555732,0.55277866
0.0005700601567,laser0,200,107.6147367,0.5380736834
0.0005701684849,laser0,200,107.2139355,0.5360696773
0.0005702782004,laser0,200,107.0333181,0.5351665907
0.0005703897149,laser0,200,106.5490125,0.5327450624
0.0005705035094,laser0,200,109.441234,0.5472061698
0.0005706111637,laser0,200,113.7485841,0.5687429207
0.0005707047715,laser0,200,116.3578689,0.5817893443
0.0005707915298,laser0,200,117.5984357,0.5879921783
0.0005708760568,laser0,200,113.2593268,0.5662966339
0.0005709603566,laser0,200,113.1568777,0.5657843884
0.0005710385413,laser0,200,120.3311808,0.6016559038
0.0005711103546,laser0,200,120.1836152,0.6009180761
0.0005711788504,laser0,200,120.16685,0.6008342498
0.0005712436874,laser0,200,121.8696325,0.6093481623
0.0005713026961,laser0,200,123.2692099,0.6163460494
0.000571363833,laser0,200,116.5817264,0.5829086319
0.0005714199589,laser0,200,118.8932553,0.5944662763
0.0005714763636,laser0,200,108.6874493,0.5434372464
0.0005715315271,laser0,200,107.1247466,0.5356237328
0.0005715865559,laser0,200,110.719132,0.5535956598
0.0005716417256,laser0,200,114.0569093,0.5702845464
0.0005716982716,laser0,200,121.6152941,0.6080764704
0.0005717560432,laser0,200,118.2403393,0.5912016964
0.000571814953,laser0,200,117.3999774,0.5869998871
0.0005718745318,laser0,200,118.6154625,0.5930773124
0.0005719327724,laser0,200,117.4952097,0.5874760486
0.0005719905865,laser0,200,117.7345812,0.588672906
0.0005720489017,laser0,200,119.7036387,0.5985181934
0.0005721080191,laser0,200,121.0601025,0.6053005123
0.0005721682528,laser0,200,116.4088945,0.5820444726
0.000572229491,laser0,200,111.510184,0.5575509201
0.0005722927964,laser0,200,110.5942345,0.5529711726
0.0005723573061,laser0,200,111.5061849,0.5575309243
0.0005724237941,laser0,200,110.6794068,0.553397034
0.0005724915552,laser0,200,112.3254909,0.5616274543
0.0005725611138,laser0,200,109.3120217,0.5465601086
0.0005726313029,laser0,200,108.443076,0.5422153801
0.0005727012382,laser0,200,109.3166466,0.5465832328
0.0005727720814,laser0,200,115.4018046,0.5770090232
0.0005728446975,laser0,200,115.2027693,0.5760138465
0.000572916753,laser0,200,111.0474135,0.5552370675
0.0005729860908,laser0,200,110.2666149,0.5513330747
0.0005730543061,laser0,200,111.7742376,0.5588711881
0.0005731232045,laser0,200,112.1751066,0.5608755329
0.000573193871,laser0,200,113.8104882,0.5690524411
0.0005732674784,laser0,200,115.2296825,0.5761484124
0.0005733400897,laser0,200,113.2045822,0.5660229109
0.0005734134398,laser0,200,112.0643662,0.5603218309
0.0005734885074,laser0,200,109.3246213,0.5466231066
0.0005735655484,laser0,200,110.9414414,0.554707207
0.0005736448198,laser0,200,110.8317155,0.5541585773
0.0005737266216,laser0,200,110.3383033,0.5516915167
0.0005738111584,laser0,200,111.3477433,0.5567387163
0.0005738982353,laser0,200,110.486712,0.5524335599
0.0005739881453,laser0,200,114.1778014,0.5708890068
0.0005740807804,laser0,200,113.3552724,0.5667763621
0.0005741773744,laser0,200,114.8700977,0.5743504887
0.000574278454,laser0,200,118.8034986,0.5940174932
0.0005743845607,laser0,200,121.8056452,0.609028226
0.000574496601,laser0,200,111.8172921,0.5590864605
0.000574613722,laser0,200,116.2262368,0.5811311841
0.0005747334478,laser0,200,110.9824766,0.5549123829
0.0005748550799,laser0,200,107.8767654,0.5393838269
0.000574977229,laser0,200,106.364899,0.531824495
0.0005751014842,laser0,200,108.818708,0.5440935402
0.0005752282822,laser0,200,110.8824016,0.5544120082
0.0005753591311,laser0,200,108.9192698,0.544596349
0.0005754946094,laser0,200,107.6534794,0.5382673972
0.0005756353422,laser0,200,101.475735,0.507378675
0.0005757807254,laser0,200,101.5534358,0.5077671788
0.0005759311056,laser0,200,98.7930636,0.493965318
0.000576086768,laser0,200,99.0581504,0.495290752
0.0005762478443,laser0,200,95.76922006,0.4788461003
0.0005764143429,laser0,200,92.90818323,0.4645409161
0.0005765890831,laser0,200,93.84451418,0.4692225709
0.0005767546241,laser0,200,96.29818421,0.481490921
0.000576913781,laser0,200,96.02912653,0.4801456327
0.0005770734844,laser0,200,91.53182568,0.4576591284
0.0005772387831,laser0,200,97.62950115,0.4881475057
0.000577408811,laser0,200,110.7862413,0.5539312066
0.0005775683623,laser0,200,108.08694,0.5404346998
0.0005777211873,laser0,200,106.8653471,0.5343267353
0.0005778721084,laser0,200,110.1200895,0.5506004476
0.0005780250147,laser0,200,107.8173868,0.5390869338
0.0005781830015,laser0,200,108.9343153,0.5446715766
0.0005783080541,laser0,200,111.4018696,0.5570093481
0.0005784353551,laser0,200,110.8585012,0.554292506
0.0005785626542,laser0,200,114.6417716,0.5732088578
0.0005786900942,laser0,200,113.1282601,0.5656413004
0.0005788134306,laser0,200,110.2483858,0.5512419289
0.0005789280706,laser0,200,106.636381,0.5331819048
0.0005790438176,laser0,200,107.5070247,0.5375351237
0.0005791633939,laser0,200,110.4603753,0.5523018767
0.0005792866544,laser0,200,106.4527889,0.5322639443
0.0005794033594,laser0,200,106.5785364,0.5328926818
0.0005795213945,laser0,200,113.4541456,0.567270728
0.0005796416338,laser0,200,109.8986907,0.5494934537
0.0005797661171,laser0,200,108.6745169,0.5433725846
0.0005798938124,laser0,200,108.664968,0.5433248399
0.0005800272865,laser0,200,104.4322357,0.5221611786
0.0005801685522,laser0,200,111.4485849,0.5572429243
0.0005803259525,laser0,200,118.1774077,0.5908870383
0.0005804455059,laser0,200,115.6644941,0.5783224703
0.0005805630846,laser0,200,125.7863663,0.6289318315
0.0005806745972,laser0,200,125.4024292,0.6270121462
0.0005807870402,laser0,200,125.040645,0.6252032252
0.0005809029326,laser0,200,120.4152207,0.6020761035
0.0005810223689,laser0,200,117.8363406,0.5891817031
0.0005811334739,laser0,200,120.2747266,0.6013736332
0.0005812422733,laser0,200,120.6972816,0.6034864079
0.0005813524447,laser0,200,121.6189566,0.6080947831
0.0005814437189,laser0,200,114.9475772,0.5747378862
0.0005815279749,laser0,200,117.1566689,0.5857833443
0.0005816104321,laser0,200,116.5919145,0.5829595724
0.0005816906273,laser0,200,116.3369405,0.5816847026
0.000581770073,laser0,200,113.0481336,0.5652406679
0.0005818476292,laser0,200,116.1639591,0.5808197956
0.000581930373,laser0,200,110.7612028,0.553806014
0.0005820219785,laser0,200,113.7243504,0.568621752
0.0005821179502,laser0,200,113.6340812,0.5681704062
0.0005822155926,laser0,200,117.5648127,0.5878240634
0.00058231325,laser0,200,114.2286408,0.5711432041
0.0005824101233,laser0,200,110.0197316,0.5500986582
0.0005825063569,laser0,200,108.4294819,0.5421474094
0.0005826034218,laser0,200,115.0284562,0.5751422808
0.0005827021048,laser0,200,108.7551237,0.5437756185
0.0005827983776,laser0,200,112.2215984,0.5611079918
0.000582893842,laser0,200,114.4262451,0.5721312257
0.0005829894122,laser0,200,114.3112268,0.571556134
0.0005830864042,laser0,200,119.558843,0.597794215
0.0005831868664,laser0,200,119.4582195,0.5972910975
0.0005832918662,laser0,200,122.6602049,0.6133010245
0.0005833971738,laser0,200,124.6986922,0.6234934611
0.0005835149124,laser0,200,127.8229966,0.6391149829
0.0005836457837,laser0,200,117.9175804,0.5895879022
0.0005837724524,laser0,200,119.4210455,0.5971052277
0.0005838817513,laser0,200,120.8452268,0.6042261341
0.0005839565944,laser0,200,121.225331,0.6061266551
0.0005840399709,laser0,200,125.4615704,0.627307852
0.0005841277605,laser0,200,125.3923462,0.6269617308
0.0005842057044,laser0,200,126.4772313,0.6323861563
0.0005842736873,laser0,200,124.5008971,0.6225044855
0.0005843460429,laser0,200,123.7509164,0.6187545822
0.0005844194819,laser0,200,118.3048298,0.5915241492
0.0005844943099,laser0,200,119.856771,0.5992838549
0.0005845676419,laser0,200,119.2901984,0.5964509918
0.0005846412136,laser0,200,122.4202999,0.6121014994
0.0005847182853,laser0,200,113.8912266,0.5694561328
0.0005847968704,laser0,200,114.3589719,0.5717948596
0.0005848768467,laser0,200,115.8666644,0.5793333222
0.0005849584451,laser0,200,116.2794225,0.5813971125
0.0005850362261,laser0,200,117.6121384,0.5880606922
0.0005851155059,laser0,200,118.2976076,0.591488038
0.0005851980725,laser0,200,121.8167327,0.6090836637
0.0005852829747,laser0,200,124.385476,0.6219273798
0.0005853748861,laser0,200,124.1870242,0.6209351211
0.0005854731344,laser0,200,129.9742189,0.6498710947
0.0005855753016,laser0,200,124.6567405,0.6232837025
0.0005856792594,laser0,200,124.6231454,0.6231157272
0.0005857779646,laser0,200,123.6279962,0.618139981
0.0005858743415,laser0,200,120.824082,0.6041204099
0.0005859709782,laser0,200,117.6734028,0.5883670139
0.0005860675222,laser0,200,119.6900191,0.5984500955
0.0005861568064,laser0,200,123.3814721,0.6169073606
0.0005862455152,laser0,200,123.1140842,0.6155704209
0.000586335865,laser0,200,122.5507745,0.6127538723
0.000586429775,laser0,200,118.8580349,0.5942901743
0.0005865313368,laser0,200,123.0061263,0.6150306313
0.0005866335429,laser0,200,120.1323888,0.6006619442
0.0005867370149,laser0,200,117.735447,0.5886772352
0.0005868433228,laser0,200,114.2781024,0.571390512
0.0005869517607,laser0,200,114.5685269,0.5728426347
0.000587062476,laser0,200,117.4984779,0.5874923897
0.0005871750436,laser0,200,122.5328997,0.6126644986
0.0005872871111,laser0,200,122.2546882,0.6112734409
0.0005873923954,laser0,200,120.6057929,0.6030289644
0.000587496461,laser0,200,121.4334952,0.6071674758
0.00058760205,laser0,200,123.9323315,0.6196616573
0.000587710284,laser0,200,120.6220241,0.6031101204
0.0005878228934,laser0,200,111.5436734,0.5577183671
0.0005879446821,laser0,200,114.3878029,0.5719390144
0.0005880769708,laser0,200,115.3836672,0.5769183358
0.0005882157209,laser0,200,115.3209347,0.5766046736
0.0005883526251,laser0,200,113.7335585,0.5686677923
0.0005884737909,laser0,200,109.711431,0.5485571549
0.0005885830708,laser0,200,113.9239868,0.5696199342
0.0005886829316,laser0,200,123.7631283,0.6188156416
0.000588779712,laser0,200,119.2233379,0.5961166894
0.0005888749309,laser0,200,116.9401437,0.5847007183
0.0005889669336,laser0,200,115.5845017,0.5779225085
0.0005890553296,laser0,200,118.2830155,0.5914150775
0.0005891426486,laser0,200,123.58225,0.61791125
0.0005892302254,laser0,200,120.1686497,0.6008432487
0.0005893176718,laser0,200,126.0653627,0.6303268133
0.0005894049955,laser0,200,127.7135968,0.6385679841
0.0005894926148,laser0,200,125.5977996,0.6279889981
0.0005895812997,laser0,200,120.4499824,0.6022499119
0.0005896706573,laser0,200,127.775701,0.6388785051
0.0005897621858,laser0,200,123.9005977,0.6195029885
0.0005898581205,laser0,200,121.7797307,0.6088986535
0.0005899568112,laser0,200,128.5879921,0.6429399606
0.0005900518449,laser0,200,128.1617004,0.6408085021
0.0005901439107,laser0,200,128.6585112,0.643292556
0.0005902297668,laser0,200,129.9911742,0.6499558708
0.0005903071598,laser0,200,130.8244308,0.6541221541
0.0005903848435,laser0,200,123.8898132,0.6194490658
0.0005904605381,laser0,200,124.3699256,0.6218496282
0.0005905228157,laser0,200,134.5696954,0.6728484772
0.0005905919291,laser0,200,142.9831937,0.7149159686
0.0005906676351,laser0,200,135.6864948,0.6784324738
0.0005907421536,laser0,200,133.42903,0.6671451502
0.0005908151936,laser0,200,131.065988,0.65532994
0.0005908893081,laser0,200,131.4245259,0.6571226293
0.0005909650593,laser0,200,130.5554862,0.6527774311
0.0005910438343,laser0,200,129.9475522,0.6497377612
0.0005911258476,laser0,200,136.3674957,0.6818374786
0.0005912114608,laser0,200,133.5748674,0.6678743368
0.0005913014327,laser0,200,129.4390906,0.6471954529
0.0005913947159,laser0,200,129.365529,0.6468276452
0.0005914932255,laser0,200,125.8032683,0.6290163417
0.0005915950896,laser0,200,127.8115506,0.6390577529
0.0005916971697,laser0,200,127.1427007,0.6357135034
0.0005917979249,laser0,200,130.6374447,0.6531872235
0.0005918982597,laser0,200,130.5034439,0.6525172197
0.0005919983495,laser0,200,128.8501192,0.6442505961
0.0005920989637,laser0,200,130.0782134,0.6503910672
0.000592199539,laser0,200,130.7587443,0.6537937217
0.0005922958606,laser0,200,122.8712219,0.6143561096
0.0005923695177,laser0,200,124.2685034,0.6213425171
0.0005924384289,laser0,200,122.3904161,0.6119520804
0.0005925091309,laser0,200,121.6079911,0.6080399557
0.0005925854878,laser0,200,119.8951026,0.599475513
0.0005926648488,laser0,200,123.299373,0.616496865
0.0005927472434,laser0,200,123.2841159,0.6164205794
0.0005928316775,laser0,200,129.410408,0.6470520401
0.0005929153601,laser0,200,126.7210922,0.6336054611
0.0005929991421,laser0,200,132.4851787,0.6624258937
0.0005930839629,laser0,200,132.0875595,0.6604377976
0.0005931696844,laser0,200,126.510994,0.6325549702
0.000593257967,laser0,200,129.3441908,0.6467209541
0.0005933466019,laser0,200,131.7117037,0.6585585186
0.0005934366582,laser0,200,123.1176054,0.6155880272
0.0005935290064,laser0,200,124.2095326,0.6210476629
0.0005936248199,laser0,200,127.0393997,0.6351969985
0.0005937246097,laser0,200,128.0305348,0.6401526742
0.000593823966,laser0,200,132.0210929,0.6601054645
0.0005939239374,laser0,200,133.7808658,0.6689043288
0.0005940260764,laser0,200,133.5205462,0.6676027312
0.0005941314182,laser0,200,131.320163,0.6566008151
0.0005942409608,laser0,200,134.2056618,0.6710283088
0.0005943543256,laser0,200,135.0296067,0.6751480334
0.0005944716044,laser0,200,136.1849681,0.6809248407
0.0005945863547,laser0,200,130.0122896,0.650061448
0.0005947040356,laser0,200,133.7199711,0.6685998557
0.0005948263075,laser0,200,133.1812992,0.6659064962
0.0005949499106,laser0,200,127.4220217,0.6371101087
0.000595076417,laser0,200,123.1960897,0.6159804487
0.0005952001349,laser0,200,121.0197748,0.6050988738
0.0005953195933,laser0,200,114.2033134,0.5710165669
0.000595432608,laser0,200,110.6521804,0.5532609019
0.000595544449,laser0,200,117.8634027,0.5893170137
0.0005956578265,laser0,200,121.0625247,0.6053126234
0.0005957735473,laser0,200,121.4166985,0.6070834924
0.0005958938935,laser0,200,122.1142801,0.6105714003
0.000596015898,laser0,200,121.33016,0.6066507999
0.0005961412471,laser0,200,114.1153314,0.570576657
0.000596272262,laser0,200,113.997853,0.5699892648
0.0005964120577,laser0,200,111.2509845,0.5562549225
0.0005965624751,laser0,200,119.3319657,0.5966598284
0.0005967211361,laser0,200,115.2102235,0.5760511174
0.0005968870226,laser0,200,111.9358221,0.5596791103
0.0005970600517,laser0,200,117.6978551,0.5884892755
0.0005972304479,laser0,200,122.8148035,0.6140740176
0.0005973987665,laser0,200,129.2153833,0.6460769166
0.0005975672205,laser0,200,129.7522794,0.6487613972
0.0005977392653,laser0,200,124.924967,0.6246248351
0.0005979138483,laser0,200,124.1664604,0.6208323021
0.0005980910323,laser0,200,136.6453209,0.6832266046
0.0005982717046,laser0,200,129.9356201,0.6496781005
0.0005984381819,laser0,200,127.6057022,0.6380285108
0.0005985701236,laser0,200,135.7673454,0.6788367272
0.0005986983758,laser0,200,131.468765,0.6573438251
0.0005988247659,laser0,200,130.0743382,0.6503716909
0.0005989612313,laser0,200,132.0427447,0.6602137237
0.000599085047,laser0,200,134.6169427,0.6730847133
0.0005992002612,laser0,200,133.8568389,0.6692841943
0.0005993150746,laser0,200,138.1125247,0.6905626235
0.0005994065439,laser0,200,139.416005,0.697080025
0.0005994959424,laser0,200,137.692412,0.68846206
0.0005995878434,laser0,200,137.8508773,0.6892543866
0.000599681412,laser0,200,134.8613682,0.6743068412
0.0005997676906,laser0,200,141.5151818,0.7075759088
0.0005998492252,laser0,200,134.6181541,0.6730907703
0.0005999229542,laser0,200,134.4862077,0.6724310383
0.0005999931044,laser0,200,131.1457272,0.6557286358
0.0006000596943,laser0,200,135.9022367,0.6795111837
0.0006001240776,laser0,200,131.7446256,0.6587231279
0.0006001873167,laser0,200,129.9529316,0.649764658
0.0006002501318,laser0,200,130.5336156,0.652668078
0.0006003132878,laser0,200,127.2685781,0.6363428906
0.0006003774918,laser0,200,128.5600358,0.642800179
0.0006004433018,laser0,200,129.9726401,0.6498632003
0.0006005095024,laser0,200,133.5054928,0.6675274641
0.0006005758758,laser0,200,137.8469932,0.6892349658
0.0006006405596,laser0,200,131.4882956,0.6574414782
0.0006007049296,laser0,200,131.1169098,0.6555845491
0.0006007691493,laser0,200,141.6657678,0.7083288388
0.0006008340325,laser0,200,140.8942121,0.7044710607
0.0006008997166,laser0,200,143.0407234,0.7152036168
0.0006009633461,laser0,200,140.4020575,0.7020102874
0.0006010275367,laser0,200,138.8538125,0.6942690624
0.000601093008,laser0,200,136.0807715,0.6804038577
0.000601157999,laser0,200,139.458765,0.6972938252
0.0006012246424,laser0,200,141.0868954,0.705434477
0.0006012932683,laser0,200,142.6780267,0.7133901333
0.0006013597678,laser0,200,139.446027,0.6972301352
0.000601424595,laser0,200,137.025158,0.6851257902
0.0006014902584,laser0,200,137.9570919,0.6897854597
0.0006015582331,laser0,200,135.6136862,0.678068431
0.0006016272414,laser0,200,136.9280575,0.6846402873
0.0006016965192,laser0,200,139.212443,0.6960622148
0.0006017650701,laser0,200,136.2829448,0.6814147241
0.0006018337159,laser0,200,137.052307,0.6852615352
0.0006019026498,laser0,200,137.652081,0.6882604049
0.0006019718527,laser0,200,140.5227732,0.7026138661
0.0006020413918,laser0,200,135.7345584,0.6786727919
0.0006021122526,laser0,200,123.0144448,0.615072224
0.0006021854071,laser0,200,122.8519713,0.6142598567
0.0006022574347,laser0,200,121.104524,0.60552262
0.0006023287155,laser0,200,124.4809367,0.6224046835
0.0006023998233,laser0,200,125.7277271,0.6286386357
0.0006024712534,laser0,200,120.8078195,0.6040390977
0.0006025440426,laser0,200,120.0118553,0.6000592765
0.0006026177145,laser0,200,120.888543,0.6044427152
0.0006026925925,laser0,200,122.2749981,0.6113749903
0.0006027682421,laser0,200,122.0800533,0.6104002667
0.0006028457937,laser0,200,123.4615236,0.6173076182
0.0006029244069,laser0,200,127.1286821,0.6356434106
0.0006030043132,laser0,200,129.3702027,0.6468510136
0.0006030848069,laser0,200,126.5879828,0.6329399141
0.0006031639998,laser0,200,119.4951226,0.5974756129
0.0006032419832,laser0,200,118.916796,0.5945839799
0.0006033205751,laser0,200,119.3459723,0.5967298614
0.0006034002688,laser0,200,119.895211,0.599476055
0.0006034794429,laser0,200,116.8218488,0.584109244
0.0006035577372,laser0,200,116.8631558,0.5843157791
0.0006036358042,laser0,200,114.4906765,0.5724533824
0.0006037141916,laser0,200,114.3080123,0.5715400616
0.0006037904283,laser0,200,118.5324607,0.5926623036
0.0006038660148,laser0,200,117.5674597,0.5878372985
0.0006039417278,laser0,200,121.1109505,0.6055547526
0.0006040179309,laser0,200,126.98053,0.6349026499
0.0006040940462,laser0,200,135.0458859,0.6752294294
0.0006041699607,laser0,200,130.7763101,0.6538815507
0.0006042468826,laser0,200,133.8063099,0.6690315496
0.0006043248749,laser0,200,138.4757977,0.6923789886
0.0006044037622,laser0,200,139.7338533,0.6986692664
0.0006044830734,laser0,200,144.5595184,0.7227975918
0.0006045632414,laser0,200,141.7420584,0.7087102921
0.0006046430053,laser0,200,139.5871729,0.6979358644
0.0006047240108,laser0,200,138.8694831,0.6943474155
0.0006048063546,laser0,200,138.4467713,0.6922338565
0.0006048901995,laser0,200,137.2936113,0.6864680564
0.0006049489299,laser0,200,135.5303435,0.6776517176
0.00060501553,laser0,200,136.1667997,0.6808339987
0.0006050907685,laser0,200,128.7288833,0.6436444165
0.0006051749051,laser0,200,128.8123304,0.6440616522
0.0006052635926,laser0,200,125.4600016,0.6273000081
0.0006053545774,laser0,200,127.7779487,0.6388897434
0.000605449525,laser0,200,132.2491175,0.6612455875
0.0006055355194,laser0,200,132.4664672,0.6623323362
0.0006056185733,laser0,200,124.5156337,0.6225781687
0.0006057024901,laser0,200,126.7245801,0.6336229007
0.0006057871335,laser0,200,126.5890554,0.632945277
0.0006058737061,laser0,200,117.3548028,0.586774014
0.00060596248,laser0,200,117.218259,0.586091295
0.000606053507,laser0,200,120.1249667,0.6006248334
0.0006061505583,laser0,200,114.8386692,0.5741933461
0.0006062530206,laser0,200,111.213057,0.556065285
0.0006063614191,laser0,200,108.5010902,0.542505451
0.0006064733711,laser0,200,110.9051457,0.5545257284
0.0006065875021,laser0,200,113.3229458,0.5666147292
0.0006067043969,laser0,200,114.2220249,0.5711101243
0.0006068246852,laser0,200,113.4563125,0.5672815627
0.000606949496,laser0,200,115.2782416,0.576391208
0.0006070782186,laser0,200,117.8832115,0.5894160577
0.0006072132018,laser0,200,119.0390613,0.5951953065
0.0006073530099,laser0,200,117.1076958,0.5855384788
0.0006074920744,laser0,200,117.2892996,0.5864464978
0.000607630585,laser0,200,116.3150967,0.5815754835
0.0006077699443,laser0,200,114.5974355,0.5729871775
0.0006079103852,laser0,200,119.6464791,0.5982323953
0.0006080534735,laser0,200,117.4028777,0.5870143885
0.000608198514,laser0,200,122.3789109,0.6118945546
0.0006083457351,laser0,200,137.9314177,0.6896570886
0.0006084960005,laser0,200,144.4962497,0.7224812487
0.0006085762324,laser0,200,145.9865502,0.7299327509
0.000608659347,laser0,200,140.0776534,0.7003882668
0.0006087366272,laser0,200,141.0048404,0.7050242019
0.0006088091459,laser0,200,141.3367587,0.7066837934
0.00060887708,laser0,200,147.7494346,0.7387471731
0.0006089342444,laser0,200,151.7739987,0.7588699934
0.0006089986119,laser0,200,142.967854,0.71483927
0.0006090712721,laser0,200,140.6469755,0.7032348777
0.0006091530553,laser0,200,141.1713226,0.705856613
0.0006092447892,laser0,200,142.0498973,0.7102494863
0.0006093471507,laser0,200,143.8172124,0.7190860619
0.0006094609563,laser0,200,139.6654433,0.6983272167
0.0006095827894,laser0,200,138.0890718,0.6904453592
0.0006097137005,laser0,200,140.408841,0.702044205
0.0006098521066,laser0,200,140.5496784,0.7027483922
0.0006099970154,laser0,200,143.2242784,0.7161213919
0.0006101525567,laser0,200,151.4628917,0.7573144586
0.0006103117302,laser0,200,147.1102041,0.7355510207
0.0006104713133,laser0,200,146.9608075,0.7348040374
0.0006106365426,laser0,200,145.2537832,0.7262689162
0.0006108124414,laser0,200,146.5827207,0.7329136036
0.0006109905298,laser0,200,145.2808041,0.7264040203
0.0006111633606,laser0,200,143.8343608,0.7191718039
0.0006113292058,laser0,200,142.976638,0.7148831899
0.0006114811975,laser0,200,138.7773594,0.6938867971
0.0006115802621,laser0,200,142.2177069,0.7110885346
0.0006116721583,laser0,200,142.6187568,0.7130937839
0.0006117591038,laser0,200,142.6232784,0.7131163921
0.0006118437993,laser0,200,145.0867631,0.7254338154
0.0006119281535,laser0,200,144.7665848,0.7238329241
0.0006120139972,laser0,200,143.217016,0.7160850798
0.0006121037404,laser0,200,141.5883677,0.7079418386
0.000612197488,laser0,200,139.7084164,0.6985420818
0.0006122928039,laser0,200,136.4493141,0.6822465706
0.000612389814,laser0,200,137.4819457,0.6874097285
0.0006124889698,laser0,200,145.2650177,0.7263250886
0.0006125899204,laser0,200,147.9847174,0.7399235869
0.0006126899354,laser0,200,138.9213386,0.6946066929
0.0006127845119,laser0,200,137.0240295,0.6851201473
0.0006128765928,laser0,200,142.7403532,0.7137017661
0.0006129672856,laser0,200,141.6764196,0.7083820978
0.0006130603717,laser0,200,141.180319,0.7059015952
0.0006131601898,laser0,200,149.0716249,0.7453581246
0.0006132484651,laser0,200,147.7702502,0.7388512508
0.0006133470276,laser0,200,151.4165162,0.7570825809
0.000613450926,laser0,200,152.2615884,0.7613079418
0.0006135555011,laser0,200,155.6790291,0.7783951456
0.00061365911,laser0,200,154.7429704,0.773714852
0.0006137623513,laser0,200,157.7498888,0.7887494438
0.0006138679905,laser0,200,161.7316335,0.8086581676
0.0006139788651,laser0,200,161.5254734,0.8076273671
0.0006140891928,laser0,200,155.6920966,0.7784604829
0.0006141986842,laser0,200,155.9489111,0.7797445553
0.0006143086279,laser0,200,149.606792,0.7480339598
0.0006144205817,laser0,200,146.7175153,0.7335875764
0.0006145361357,laser0,200,148.5526322,0.7427631611
0.0006146535438,laser0,200,148.5699964,0.7428499818
0.0006147728921,laser0,200,142.5888742,0.7129443708
0.0006148769005,laser0,200,137.861825,0.6893091248
0.0006149568061,laser0,200,138.8944948,0.694472474
0.0006150274161,laser0,200,140.5880398,0.702940199
0.0006150948048,laser0,200,134.46723,0.6723361502
0.0006151619257,laser0,200,136.3249308,0.6816246542
0.0006152282458,laser0,200,140.7173703,0.7035868513
0.0006152916051,laser0,200,147.4679535,0.7373397673
0.0006153472421,laser0,200,151.111665,0.7555583251
0.0006154050229,laser0,200,151.3641384,0.7568206921
0.0006154570556,laser0,200,151.8249288,0.7591246441
0.0006155150294,laser0,200,153.9505653,0.7697528264
0.000615577183,laser0,200,153.5149858,0.7675749288
0.0006156433824,laser0,200,152.3384574,0.7616922871
0.0006157108454,laser0,200,156.5541484,0.7827707419
0.0006157785243,laser0,200,158.1248207,0.7906241037
0.0006158483092,laser0,200,158.3217775,0.7916088873
0.0006159211138,laser0,200,157.2116214,0.7860581072
0.0006159982803,laser0,200,159.8642728,0.7993213642
0.000616080734,laser0,200,154.5448518,0.7727242588
0.0006161684176,laser0,200,156.0302052,0.7801510259
0.0006162617052,laser0,200,156.6245489,0.7831227444
0.0006163610765,laser0,200,147.4384322,0.7371921611
0.0006164580698,laser0,200,147.1678703,0.7358393514
0.0006165558413,laser0,200,149.070011,0.745350055
0.0006166497332,laser0,200,148.9793493,0.7448967464
0.000616738067,laser0,200,146.6420073,0.7332100365
0.0006168253698,laser0,200,143.8745949,0.7193729743
0.0006169128288,laser0,200,142.5815081,0.7129075404
0.0006170009949,laser0,200,143.5567873,0.7177839363
0.0006170890694,laser0,200,143.6582484,0.7182912418
0.000617177446,laser0,200,145.1273117,0.7256365587
0.0006172699033,laser0,200,141.8406143,0.7092030716
0.000617368136,laser0,200,149.2675502,0.7463377509
0.0006174644622,laser0,200,146.1916574,0.730958287
0.0006175583112,laser0,200,142.3875756,0.7119378779
0.0006176513077,laser0,200,141.4002256,0.7070011279
0.0006177413379,laser0,200,143.3580981,0.7167904903
0.0006178297009,laser0,200,144.7877397,0.7239386985
0.0006179086687,laser0,200,145.7427699,0.7287138497
0.0006179767646,laser0,200,145.3321882,0.726660941
0.0006180504993,laser0,200,143.5523905,0.7177619524
0.0006181225287,laser0,200,138.5737755,0.6928688775
0.0006181931156,laser0,200,143.2651659,0.7163258297
0.0006182618908,laser0,200,144.8856985,0.7244284926
0.0006183262014,laser0,200,140.1971498,0.7009857488
0.0006183864844,laser0,200,135.9206259,0.6796031293
0.0006184466364,laser0,200,133.7530607,0.6687653033
0.0006185064078,laser0,200,132.0962276,0.660481138
0.0006185672583,laser0,200,130.1170951,0.6505854755
0.0006186292461,laser0,200,129.9736042,0.6498680209
0.0006186937572,laser0,200,128.1274758,0.6406373788
0.0006187581672,laser0,200,137.5076779,0.6875383893
0.000618824746,laser0,200,139.9842275,0.6999211374
0.0006188950047,laser0,200,142.6870571,0.7134352854
0.0006189671892,laser0,200,132.3521983,0.6617609914
0.0006190401726,laser0,200,138.4197957,0.6920989783
0.0006191131572,laser0,200,140.5902602,0.7029513009
0.0006191836933,laser0,200,137.2239772,0.6861198859
0.0006192512494,laser0,200,138.0071835,0.6900359174
0.0006193165375,laser0,200,130.1848766,0.6509243828
0.0006193805228,laser0,200,132.4247109,0.6621235543
0.0006194442265,laser0,200,138.2598721,0.6912993603
0.0006195091315,laser0,200,137.1131538,0.6855657689
0.0006195762962,laser0,200,137.1976365,0.6859881824
0.0006196477506,laser0,200,136.7957035,0.6839785177
0.0006197193609,laser0,200,138.8232773,0.6941163865
0.0006197910366,laser0,200,133.6345813,0.6681729063
0.0006198630193,laser0,200,136.9425194,0.6847125968
0.0006199348693,laser0,200,142.2330678,0.7111653391
0.0006200105766,laser0,200,141.9744197,0.7098720987
0.000620088889,laser0,200,139.5237251,0.6976186256
0.0006201684277,laser0,200,137.3140219,0.6865701097
0.0006202489798,laser0,200,143.7305327,0.7186526636
0.0006203301354,laser0,200,143.3124638,0.7165623189
0.0006204126034,laser0,200,146.1744674,0.7308723372
0.0006204960223,laser0,200,143.9741354,0.7198706771
0.0006205802416,laser0,200,141.3402776,0.7067013878
0.0006206659105,laser0,200,141.6884405,0.7084422027
0.0006207528079,laser0,200,138.5938911,0.6929694556
0.0006208426424,laser0,200,141.083758,0.70541879
0.0006209331457,laser0,200,146.4565439,0.7322827195
0.0006210208666,laser0,200,148.4300217,0.7421501084
0.0006211110138,laser0,200,148.0589824,0.740294912
0.0006212005382,laser0,200,144.9471169,0.7247355845
0.0006212901525,laser0,200,147.4573755,0.7372868776
0.0006213789839,laser0,200,148.1085008,0.7405425038
0.0006214678452,laser0,200,147.2294932,0.736147466
0.0006215566457,laser0,200,151.380229,0.756901145
0.000621645396,laser0,200,159.5462353,0.7977311764
0.0006217344028,laser0,200,152.2617741,0.7613088704
0.0006218207396,laser0,200,145.2785274,0.7263926371
0.0006219053897,laser0,200,150.4549861,0.7522749305
0.0006219903713,laser0,200,147.9549352,0.7397746758
0.0006220756475,laser0,200,153.7806975,0.7689034874
0.0006221615061,laser0,200,147.9663755,0.7398318774
0.0006222467002,laser0,200,155.8826765,0.7794133823
0.000622330776,laser0,200,152.0503508,0.7602517539
0.0006224106363,laser0,200,147.909187,0.7395459351
0.0006224913995,laser0,200,143.5627929,0.7178139643
0.000622570453,laser0,200,140.3717172,0.7018585861
0.0006226486866,laser0,200,139.5613333,0.6978066664
0.0006227265046,laser0,200,147.071671,0.735358355
0.0006228045458,laser0,200,135.4509489,0.6772547445
0.000622884526,laser0,200,130.4794968,0.6523974842
0.0006229663341,laser0,200,131.7290282,0.6586451411
0.0006230493768,laser0,200,129.3339431,0.6466697157
0.0006231329797,laser0,200,130.7051427,0.6535257135
0.0006232136453,laser0,200,130.4936458,0.6524682289
0.0006232917116,laser0,200,129.422045,0.6471102248
0.0006233676846,laser0,200,131.2006165,0.6560030825
0.0006234420313,laser0,200,131.5021422,0.6575107112
0.0006235151816,laser0,200,130.2497202,0.651248601
0.0006235873563,laser0,200,129.4212036,0.6471060182
0.0006236583587,laser0,200,131.967856,0.6598392802
0.0006237287032,laser0,200,133.2451152,0.6662255758
0.0006237983568,laser0,200,134.2995309,0.6714976546
0.0006238673894,laser0,200,133.2206256,0.666103128
0.0006239359299,laser0,200,134.7683818,0.6738419091
0.0006240041728,laser0,200,136.2556535,0.6812782673
0.0006240722435,laser0,200,134.8744706,0.6743723531
0.0006241404435,laser0,200,129.8085896,0.649042948
0.0006242088679,laser0,200,129.4644929,0.6473224647
0.0006242777919,laser0,200,131.4173955,0.6570869776
0.0006243474031,laser0,200,131.1458814,0.655729407
0.0006244173763,laser0,200,130.6218391,0.6531091957
0.0006244879049,laser0,200,130.2311082,0.6511555409
0.0006245593413,laser0,200,131.0393905,0.6551969525
0.0006246320825,laser0,200,131.6798077,0.6583990384
0.0006247062709,laser0,200,132.1409141,0.6607045707
0.0006247819757,laser0,200,131.4601352,0.6573006762
0.0006248589629,laser0,200,131.7299338,0.6586496689
0.0006249383275,laser0,200,133.8823412,0.6694117058
0.0006250203082,laser0,200,137.7640403,0.6888202013
0.0006251006594,laser0,200,132.9560804,0.664780402
0.0006251795463,laser0,200,139.2088947,0.6960444736
0.0006252566196,laser0,200,131.4362308,0.6571811542
0.0006253325609,laser0,200,132.5025275,0.6625126376
0.0006254077622,laser0,200,131.5111712,0.6575558561
0.0006254824892,laser0,200,132.7349728,0.6636748639
0.0006255563822,laser0,200,131.3063225,0.6565316124
0.0006256308973,laser0,200,136.9607408,0.684803704
0.0006257063932,laser0,200,139.6438547,0.6982192734
0.0006257818758,laser0,200,139.3615946,0.6968079728
0.0006258573678,laser0,200,139.922299,0.6996114952
0.0006259334253,laser0,200,142.7883211,0.7139416054
0.0006260099724,laser0,200,145.1600661,0.7258003307
0.0006260870816,laser0,200,148.4031707,0.7420158536
0.0006261634225,laser0,200,158.3760005,0.7918800026
0.0006262388882,laser0,200,163.0392383,0.8151961915
0.0006263135068,laser0,200,157.574186,0.78787093
0.0006263875758,laser0,200,157.1051024,0.785525512
0.0006264614903,laser0,200,159.4091462,0.7970457308
0.0006265353474,laser0,200,158.383641,0.7919182048
0.0006266095659,laser0,200,157.3082513,0.7865412563
0.000626684375,laser0,200,157.3678101,0.7868390507
0.0006267601238,laser0,200,149.9617772,0.7498088858
0.000626836996,laser0,200,151.3638509,0.7568192547
0.0006269153696,laser0,200,155.0281196,0.7751405979
0.0006269955228,laser0,200,157.2895662,0.786447831
0.0006270780362,laser0,200,156.4816686,0.7824083431
0.0006271633948,laser0,200,163.2712332,0.8163561659
0.0006272520284,laser0,200,155.6083667,0.7780418334
0.0006273427115,laser0,200,155.5899703,0.7779498516
0.0006274361232,laser0,200,156.9312579,0.7846562895
0.0006275325589,laser0,200,155.9613126,0.779806563
0.0006276314659,laser0,200,142.9525104,0.7147625522
0.0006277288393,laser0,200,149.7145568,0.748572784
0.0006278246808,laser0,200,146.4502147,0.7322510736
0.0006279198983,laser0,200,151.6012679,0.7580063396
0.0006280143035,laser0,200,152.5800347,0.7629001735
0.0006281078168,laser0,200,146.3407902,0.7317039509
0.0006282006946,laser0,200,142.7313635,0.7136568174
0.0006282931538,laser0,200,142.2360538,0.7111802689
0.0006283853006,laser0,200,140.8535317,0.7042676583
0.0006284775076,laser0,200,137.690279,0.6884513951
0.0006285702225,laser0,200,136.1781808,0.680890904
0.0006286633751,laser0,200,135.2100364,0.6760501819
0.000628757392,laser0,200,136.3012959,0.6815064795
0.0006288505863,laser0,200,135.5751307,0.6778756534
0.0006289432017,laser0,200,134.4068624,0.6720343122
0.0006290357652,laser0,200,132.9115955,0.6645579775
0.0006291286455,laser0,200,133.1667269,0.6658336347
0.0006292219629,laser0,200,133.9996052,0.6699980258
0.0006293162289,laser0,200,134.3141532,0.6715707659
0.0006294117899,laser0,200,137.6016334,0.688008167
0.0006295083515,laser0,200,139.8291074,0.6991455368
0.0006296060462,laser0,200,141.8191525,0.7090957626
0.0006297053322,laser0,200,144.6533702,0.7232668511
0.0006298065655,laser0,200,142.2273622,0.7111368108
0.0006299105289,laser0,200,142.186545,0.7109327249
0.0006300170459,laser0,200,139.0854672,0.6954273358
0.0006301256674,laser0,200,139.9339008,0.6996695042
0.0006302373174,laser0,200,139.3082882,0.696541441
0.0006303492514,laser0,200,135.9259476,0.679629738
0.0006304602819,laser0,200,135.7721289,0.6788606443
0.0006305714263,laser0,200,134.1042207,0.6705211036
0.0006306831092,laser0,200,132.8032204,0.664016102
0.0006307973434,laser0,200,129.5105219,0.6475526097
0.000630912994,laser0,200,127.4137775,0.6370688873
0.0006310294475,laser0,200,128.1363541,0.6406817707
0.0006311472567,laser0,200,128.0404305,0.6402021525
0.000631267848,laser0,200,133.1275876,0.6656379378
0.0006313902364,laser0,200,126.1128312,0.630564156
0.0006315137977,laser0,200,123.2668828,0.6163344139
0.0006316377508,laser0,200,141.2284833,0.7061424166
0.0006317631768,laser0,200,141.8422306,0.7092111531
0.0006318918326,laser0,200,141.7640316,0.7088201582
0.0006320245633,laser0,200,138.893245,0.6944662249
0.0006321611665,laser0,200,133.1124646,0.6655623228
0.0006322688882,laser0,200,144.7761149,0.7238805745
0.0006323733377,laser0,200,143.1705508,0.7158527539
0.0006324726281,laser0,200,147.867481,0.7393374048
0.0006325646586,laser0,200,147.2543124,0.7362715622
0.0006326539594,laser0,200,146.4609247,0.7323046235
0.0006327387564,laser0,200,153.8968622,0.7694843112
0.0006328225762,laser0,200,153.1039512,0.765519756
0.0006329057757,laser0,200,162.3093397,0.8115466985
0.0006329892797,laser0,200,147.0621704,0.7353108518
0.0006330754943,laser0,200,145.0388774,0.725194387
0.0006331654882,laser0,200,148.1371845,0.7406859225
0.0006332563076,laser0,200,147.8832809,0.7394164044
0.0006333510892,laser0,200,146.7725271,0.7338626354
0.0006334516176,laser0,200,150.5187647,0.7525938234
0.0006335594644,laser0,200,148.186487,0.740932435
0.0006336728755,laser0,200,150.2058876,0.7510294379
0.0006337931596,laser0,200,151.5829592,0.757914796
0.0006339178884,laser0,200,150.3823021,0.7519115107
0.0006340407899,laser0,200,145.1221434,0.725610717
0.0006341615199,laser0,200,145.4759854,0.7273799269
0.0006342785769,laser0,200,145.1286886,0.7256434429
0.000634394304,laser0,200,148.9711865,0.7448559324
0.000634507485,laser0,200,157.9248386,0.7896241932
0.000634621851,laser0,200,162.3224815,0.8116124075
0.0006347344587,laser0,200,150.9273348,0.7546366739
0.0006348450474,laser0,200,147.8317592,0.739158796
0.000634952041,laser0,200,146.5874659,0.7329373296
0.0006350582033,laser0,200,147.7295519,0.7386477594
0.0006351696932,laser0,200,144.0951769,0.7204758845
0.0006352801392,laser0,200,139.8971002,0.6994855012
0.0006353925629,laser0,200,138.2753307,0.6913766535
0.0006355074887,laser0,200,137.70658,0.6885328998
0.0006356267392,laser0,200,140.7927025,0.7039635126
0.0006357461018,laser0,200,145.2833151,0.7264165753
0.0006358583827,laser0,200,145.1776547,0.7258882733
0.0006359681114,laser0,200,140.6636358,0.7033181792
0.000636077103,laser0,200,143.1388412,0.715694206
0.0006361866552,laser0,200,137.6819621,0.6884098105
0.0006362965467,laser0,200,136.8909572,0.6844547859
0.000636410762,laser0,200,144.6900994,0.723450497
0.0006365296049,laser0,200,146.8782056,0.7343910279
0.0006366520522,laser0,200,147.0673521,0.7353367605
0.0006367794211,laser0,200,138.615696,0.6930784802
0.0006369086574,laser0,200,136.593798,0.6829689899
0.0006370367761,laser0,200,131.3287984,0.6566439918
0.0006371626697,laser0,200,136.2468938,0.6812344691
0.0006372892259,laser0,200,145.5057034,0.7275285172
0.0006374193397,laser0,200,145.2163085,0.7260815427
0.0006375528414,laser0,200,154.6914689,0.7734573443
0.0006376844132,laser0,200,148.7296187,0.7436480933
0.0006378035462,laser0,200,154.8247111,0.7741235557
0.0006379169959,laser0,200,155.1407792,0.7757038961
0.0006380328077,laser0,200,161.610185,0.8080509249
0.000638152683,laser0,200,163.0918589,0.8154592947
0.0006382751136,laser0,200,154.5713626,0.7728568132
0.0006383929496,laser0,200,155.2730491,0.7763652454
0.0006385122249,laser0,200,152.9283667,0.7646418333
0.0006386311074,laser0,200,157.303951,0.7865197548
0.0006387538703,laser0,200,156.9630561,0.7848152803
0.0006388691342,laser0,200,158.3005502,0.7915027511
0.0006389915305,laser0,200,143.7621013,0.7188105063
0.0006391147815,laser0,200,143.9422084,0.7197110421
0.0006392365304,laser0,200,146.8286794,0.7341433969
0.0006393525258,laser0,200,150.0481043,0.7502405217
0.0006394652145,laser0,200,151.3733094,0.7568665469
0.0006395713709,laser0,200,147.7712313,0.7388561566
0.0006396760304,laser0,200,149.263734,0.7463186701
0.0006397821463,laser0,200,146.9914447,0.7349572235
0.0006398913399,laser0,200,155.4235905,0.7771179527
0.0006400044263,laser0,200,158.3538113,0.7917690565
0.000640119862,laser0,200,160.3605908,0.8018029541
0.000640237113,laser0,200,161.1867335,0.8059336673
0.0006403516334,laser0,200,158.6964273,0.7934821364
0.0006404701287,laser0,200,156.6911051,0.7834555257
0.0006405753776,laser0,200,149.6840944,0.7484204721
0.0006406775009,laser0,200,143.6828161,0.7184140807
0.000640778444,laser0,200,140.7693272,0.7038466361
0.0006408784003,laser0,200,146.4188299,0.7320941495
0.0006409769198,laser0,200,139.0950469,0.6954752347
0.000641074639,laser0,200,135.5953298,0.677976649
0.0006411756478,laser0,200,137.5429298,0.6877146489
0.0006412801682,laser0,200,136.947843,0.6847392151
0.0006413853257,laser0,200,136.4466308,0.6822331541
0.0006414958938,laser0,200,140.565916,0.7028295801
0.0006416089361,laser0,200,147.5538588,0.7377692939
0.0006417197339,laser0,200,154.4737162,0.772368581
0.0006418259354,laser0,200,150.1224488,0.750612244
0.0006419291533,laser0,200,149.8252403,0.7491262017
0.0006420306018,laser0,200,143.7768409,0.7188842047
0.0006421310401,laser0,200,148.158704,0.7407935198
0.0006422312842,laser0,200,148.630094,0.74315047
0.0006423315422,laser0,200,145.5654767,0.7278273834
0.0006424323611,laser0,200,151.56062,0.7578030998
0.0006425289721,laser0,200,150.75203,0.7537601499
0.0006426223169,laser0,200,150.2985405,0.7514927027
0.00064271799,laser0,200,151.1255176,0.7556275879
0.0006428153776,laser0,200,151.0563154,0.7552815769
0.0006429110227,laser0,200,154.9954829,0.7749774145
0.0006430059338,laser0,200,157.2084646,0.7860423232
0.0006431036136,laser0,200,160.1145723,0.8005728616
0.0006432023905,laser0,200,164.5944394,0.8229721971
0.0006433026076,laser0,200,165.791678,0.8289583898
0.0006433978442,laser0,200,160.629557,0.8031477851
0.0006434855766,laser0,200,162.0570897,0.8102854483
0.0006435692459,laser0,200,161.8181876,0.8090909382
0.000643650753,laser0,200,168.0811476,0.8404057378
0.0006437336822,laser0,200,174.1394703,0.8706973517
0.0006438193738,laser0,200,165.3859837,0.8269299183
0.000643907329,laser0,200,169.1837756,0.8459188779
0.0006439960693,laser0,200,171.7958026,0.8589790129
0.0006440874232,laser0,200,171.5520508,0.857760254
0.0006441807678,laser0,200,170.4600484,0.8523002418
0.0006442762056,laser0,200,175.3637769,0.8768188845
0.000644374972,laser0,200,177.2321377,0.8861606886
0.000644472321,laser0,200,173.6913647,0.8684568234
0.0006445666734,laser0,200,173.2281172,0.8661405861
0.0006446567913,laser0,200,171.9330339,0.8596651694
0.0006447423729,laser0,200,170.3978605,0.8519893027
0.0006448268646,laser0,200,167.8008122,0.8390040611
0.0006449056296,laser0,200,165.40117,0.82700585
0.0006449815693,laser0,200,167.1429789,0.8357148946
0.0006450556121,laser0,200,164.2759325,0.8213796626
0.0006451281243,laser0,200,169.6025245,0.8480126224
0.0006451999768,laser0,200,172.9347223,0.8646736113
0.0006452733015,laser0,200,159.484125,0.7974206249
0.0006453482408,laser0,200,155.3671612,0.7768358062
0.0006454256901,laser0,200,160.2388882,0.801194441
0.0006455049066,laser0,200,160.0323767,0.8001618833
0.0006455838702,laser0,200,162.4581075,0.8122905376
0.0006456598074,laser0,200,167.1095564,0.8355477822
0.0006457371702,laser0,200,167.376285,0.836881425
0.0006458168728,laser0,200,167.816708,0.8390835402
0.0006458961625,laser0,200,168.6418732,0.8432093659
0.0006459754759,laser0,200,167.9555827,0.8397779136
0.00064604339,laser0,200,165.5097882,0.8275489412
0.0006461121848,laser0,200,164.6691801,0.8233459007
0.0006461845441,laser0,200,161.6619796,0.8083098979
0.0006462624771,laser0,200,161.9503745,0.8097518725
0.0006463403651,laser0,200,162.5866696,0.8129333481
0.0006464187557,laser0,200,163.2009003,0.8160045016
0.0006464968708,laser0,200,158.4180435,0.7920902173
0.0006465728013,laser0,200,157.4040114,0.787020057
0.0006466477919,laser0,200,150.4232324,0.752116162
0.0006467215033,laser0,200,153.1082276,0.7655411379
0.0006467941437,laser0,200,149.0900969,0.7454504847
0.0006468664036,laser0,200,154.687608,0.7734380401
0.0006469388824,laser0,200,150.6954554,0.7534772772
0.0006470116053,laser0,200,154.5648487,0.7728242437
0.000647082905,laser0,200,157.3422962,0.7867114812
0.0006471508142,laser0,200,161.0738561,0.8053692806
0.0006472171163,laser0,200,156.2003569,0.7810017845
0.000647282413,laser0,200,156.1660997,0.7808304986
0.0006473470666,laser0,200,155.2474486,0.7762372429
0.0006474112744,laser0,200,153.8335353,0.7691676766
0.0006474757394,laser0,200,153.8312594,0.7691562971
0.0006475411782,laser0,200,147.4962982,0.737481491
0.000647609719,laser0,200,144.3648,0.7218240001
0.0006476783513,laser0,200,143.8787189,0.7193935946
0.000647745556,laser0,200,145.4085884,0.7270429422
0.000647813013,laser0,200,153.534631,0.7676731548
0.000647880508,laser0,200,158.9867134,0.7949335669
0.0006479481169,laser0,200,164.5672754,0.8228363771
0.0006480162261,laser0,200,158.1660622,0.7908303108
0.0006480847413,laser0,200,152.2852176,0.7614260879
0.0006481531291,laser0,200,151.9784439,0.7598922194
0.0006482212401,laser0,200,154.8384258,0.7741921288
0.0006482893976,laser0,200,156.7121972,0.7835609859
0.0006483585872,laser0,200,160.9104878,0.804552439
0.0006484297041,laser0,200,153.4683652,0.7673418261
0.000648502161,laser0,200,153.147729,0.7657386452
0.0006485735951,laser0,200,154.1249334,0.7706246668
0.0006486443677,laser0,200,157.5164955,0.7875824777
0.0006487145759,laser0,200,160.806281,0.8040314048
0.0006487844387,laser0,200,161.540842,0.8077042102
0.0006488545164,laser0,200,163.478,0.81739
0.0006489250529,laser0,200,158.7958763,0.7939793814
0.000648994221,laser0,200,158.2145786,0.7910728929
0.0006490622901,laser0,200,164.0899495,0.8204497476
0.0006491293127,laser0,200,164.1074573,0.8205372867
0.0006491956495,laser0,200,162.03984,0.8101992
0.0006492621289,laser0,200,160.2008185,0.8010040926
0.0006493292645,laser0,200,156.2774297,0.7813871487
0.0006493973213,laser0,200,153.5231076,0.767615538
0.0006494657961,laser0,200,150.3671667,0.7518358334
0.0006495340573,laser0,200,155.8099921,0.7790499603
0.0006496027728,laser0,200,152.5245591,0.7626227954
0.0006496723819,laser0,200,152.0374912,0.7601874561
0.0006497419332,laser0,200,153.0954403,0.7654772014
0.0006498113544,laser0,200,157.5852768,0.7879263842
0.000649880625,laser0,200,159.1452198,0.7957260988
0.0006499489386,laser0,200,157.0480682,0.7852403409
0.0006500159138,laser0,200,156.5039293,0.7825196467
0.0006500825883,laser0,200,156.98881,0.78494405
0.0006501496068,laser0,200,157.7817672,0.7889088362
0.0006502176379,laser0,200,156.1351364,0.7806756818
0.0006502862204,laser0,200,157.673511,0.788367555
0.0006503558082,laser0,200,151.1129965,0.7555649824
0.0006504261494,laser0,200,154.4572482,0.7722862411
0.0006504940121,laser0,200,156.5735908,0.7828679541
0.000650559596,laser0,200,159.1394428,0.7956972138
0.0006506236862,laser0,200,152.0493523,0.7602467615
0.0006506865602,laser0,200,162.8304133,0.8141520666
0.0006507482995,laser0,200,165.0904387,0.8254521934
0.0006508093599,laser0,200,163.6148861,0.8180744307
0.000650869777,laser0,200,161.3118748,0.8065593742
0.0006509296633,laser0,200,151.3212447,0.7566062235
0.0006509891797,laser0,200,156.5918569,0.7829592846
0.0006510483469,laser0,200,154.8148148,0.7740740738
0.0006511072476,laser0,200,155.3346802,0.776673401
0.0006511660909,laser0,200,145.8299638,0.7291498188
0.0006512250283,laser0,200,154.4877513,0.7724387564
0.000651284258,laser0,200,154.5783201,0.7728916005
0.0006513439809,laser0,200,149.2859937,0.7464299683
0.0006514043729,laser0,200,137.7835666,0.6889178332
0.0006514654537,laser0,200,138.9562662,0.694781331
0.0006515272708,laser0,200,142.0260454,0.7101302272
0.0006515893729,laser0,200,138.4980084,0.692490042
0.0006516515004,laser0,200,143.5228462,0.717614231
0.0006517140836,laser0,200,143.8903327,0.7194516633
0.0006517773822,laser0,200,147.0866622,0.7354333112
0.0006518415941,laser0,200,145.7612976,0.728806488
0.000651906851,laser0,200,144.7199866,0.7235999331
0.0006519731763,laser0,200,141.8884639,0.7094423194
0.0006520407198,laser0,200,145.3228814,0.7266144068
0.0006521094526,laser0,200,146.9299823,0.7346499114
0.0006521793544,laser0,200,147.2754625,0.7363773126
0.0006522503638,laser0,200,146.5423587,0.7327117934
0.0006523225268,laser0,200,147.2946801,0.7364734004
0.0006523959342,laser0,200,145.6829317,0.7284146584
0.0006524707868,laser0,200,145.5542995,0.7277714974
0.0006525474238,laser0,200,145.3747063,0.7268735315
0.0006526262079,laser0,200,145.1771308,0.7258856542
0.0006527071788,laser0,200,143.8585449,0.7192927245
0.0006527902901,laser0,200,140.4383263,0.7021916314
0.0006528761869,laser0,200,137.0749581,0.6853747905
0.0006529635181,laser0,200,139.2750892,0.6963754461
0.0006530505527,laser0,200,132.9879813,0.6649399067
0.000653137696,laser0,200,132.6520887,0.6632604433
0.0006532252326,laser0,200,140.323665,0.7016183249
0.0006533135052,laser0,200,140.6936989,0.7034684946
0.0006534027944,laser0,200,145.1739363,0.7258696813
0.0006534929995,laser0,200,147.9796981,0.7398984906
0.0006535842595,laser0,200,146.9502417,0.7347512084
0.0006536766451,laser0,200,148.5239908,0.7426199542
0.0006537690369,laser0,200,148.6764629,0.7433823144
0.0006538617139,laser0,200,149.5199387,0.7475996933
0.0006539552631,laser0,200,148.2761074,0.7413805372
0.0006540502493,laser0,200,152.2745898,0.7613729488
0.0006541471349,laser0,200,152.2964493,0.7614822464
0.0006542450409,laser0,200,148.9424979,0.7447124894
0.0006543438217,laser0,200,159.7605871,0.7988029357
0.0006544430825,laser0,200,166.0098168,0.8300490838
0.0006545430261,laser0,200,164.0533556,0.8202667782
0.0006546441876,laser0,200,167.7141647,0.8385708237
0.0006547473102,laser0,200,172.2992617,0.8614963087
0.0006548534312,laser0,200,167.1346561,0.8356732807
0.000654963582,laser0,200,164.3245619,0.8216228093
0.0006550618564,laser0,200,165.3585365,0.8267926827
0.0006551404187,laser0,200,167.3644476,0.836822238
0.0006552153634,laser0,200,168.9059643,0.8445298214
0.0006552904776,laser0,200,173.7196653,0.8685983264
0.000655365362,laser0,200,173.9589678,0.8697948389
0.0006554390204,laser0,200,172.0301806,0.8601509031
0.0006555139733,laser0,200,171.0220265,0.8551101325
0.0006555918951,laser0,200,170.0739427,0.8503697133
0.0006556700014,laser0,200,168.2854831,0.8414274157
0.0006557210779,laser0,200,166.2568028,0.8312840138
0.0006557586954,laser0,200,167.2746329,0.8363731644
0.0006557850256,laser0,200,167.4558831,0.8372794156
0.0006557986269,laser0,200,166.647206,0.8332360301
0.0006558080217,laser0,200,166.9105772,0.8345528861
0.0006558178301,laser0,200,167.4272426,0.8371362132
0.0006558287162,laser0,200,168.0379224,0.840189612
0.0006558378714,laser0,200,168.1959539,0.8409797693
0.0006558467322,laser0,200,168.0214204,0.840107102
0.0006558565847,laser0,200,167.9867903,0.8399339515
0.0006558675321,laser0,200,168.0873716,0.8404368578
0.0006558790295,laser0,200,168.4377941,0.8421889706
0.0006558908265,laser0,200,168.762386,0.8438119301
0.0006559027372,laser0,200,168.5488904,0.8427444521
0.0006559147482,laser0,200,168.2007439,0.8410037196
0.0006559270798,laser0,200,166.4070596,0.8320352981
0.0006559398063,laser0,200,166.2835956,0.8314179778
0.0006559531656,laser0,200,165.8981452,0.829490726
0.0006559670744,laser0,200,165.4538648,0.8272693239
0.0006559814904,laser0,200,165.1561364,0.8257806819
0.0006559965439,laser0,200,164.569198,0.8228459902
0.0006560123024,laser0,200,164.111688,0.82055844
0.0006560287863,laser0,200,166.0919489,0.8304597444
0.0006560457108,laser0,200,165.5567115,0.8277835577
0.0006560584712,laser0,200,165.3459487,0.8267297435
0.0006560690056,laser0,200,164.9037417,0.8245187085
0.0006560790444,laser0,200,164.669121,0.8233456049
0.0006560888257,laser0,200,165.2324112,0.8261620559
0.0006560985467,laser0,200,165.0758191,0.8253790954
0.0006561084584,laser0,200,164.6662254,0.8233311272
0.0006561187549,laser0,200,164.6308981,0.8231544903
0.0006561295515,laser0,200,165.4737022,0.8273685111
0.0006561410918,laser0,200,166.0471678,0.8302358392
0.0006561533561,laser0,200,165.9987346,0.8299936729
0.0006561661553,laser0,200,165.7295178,0.8286475891
0.0006561792815,laser0,200,166.0685084,0.8303425422
0.0006561937194,laser0,200,166.3630635,0.8318153174
0.0006562098028,laser0,200,166.4992765,0.8324963823
0.0006562276899,laser0,200,167.0244736,0.8351223681
0.000656246207,laser0,200,165.4007539,0.8270037697
0.0006562633767,laser0,200,165.053219,0.8252660948
0.0006562801168,laser0,200,164.8481624,0.8242408118
0.0006562965545,laser0,200,167.6210671,0.8381053357
0.0006563143203,laser0,200,168.3052608,0.8415263042
0.0006563340612,laser0,200,168.8090693,0.8440453463
0.0006563560212,laser0,200,168.689055,0.843445275
0.0006563804595,laser0,200,167.9903193,0.8399515967
0.0006564068114,laser0,200,167.9090651,0.8395453256
0.0006564351668,laser0,200,168.6997334,0.8434986672
0.000656465887,laser0,200,168.7230482,0.8436152412
0.0006564985046,laser0,200,167.1469009,0.8357345045
0.000656532601,laser0,200,168.731508,0.8436575401
0.0006565678521,laser0,200,168.6291915,0.8431459576
0.0006566034316,laser0,200,171.2407486,0.8562037429
0.0006566278622,laser0,200,171.7647801,0.8588239003
0.0006566480292,laser0,200,170.7242521,0.8536212604
0.0006566679314,laser0,200,171.2471075,0.8562355376
0.0006566891612,laser0,200,171.4623213,0.8573116065
0.0006567120815,laser0,200,171.1106268,0.8555531342
0.0006567373915,laser0,200,171.6164044,0.8580820219
0.0006567655904,laser0,200,172.1186202,0.8605931011
0.0006567932407,laser0,200,172.8683675,0.8643418373
0.0006568202163,laser0,200,173.0146417,0.8650732086
0.0006568485505,laser0,200,173.1022334,0.8655111671
0.0006568784972,laser0,200,174.2010824,0.8710054122
0.0006569096975,laser0,200,173.7551716,0.8687758579
0.0006569415244,laser0,200,172.8449267,0.8642246337
0.0006569718678,laser0,200,173.4933464,0.867466732
0.0006570005743,laser0,200,173.3545605,0.8667728024
0.0006570266478,laser0,200,172.4805228,0.8624026141
0.0006570521973,laser0,200,172.759982,0.86379991
0.0006570784968,laser0,200,172.5115802,0.8625579008
0.0006571064006,laser0,200,171.3837818,0.8569189088
0.0006571365838,laser0,200,170.4432466,0.852216233
0.0006571694426,laser0,200,170.0087075,0.8500435376
0.0006572042667,laser0,200,169.5462987,0.8477314933
0.0006572397635,laser0,200,169.7337178,0.8486685889
0.0006572755746,laser0,200,171.6932768,0.8584663842
0.0006573124329,laser0,200,171.6128716,0.858064358
0.0006573490319,laser0,200,172.5089755,0.8625448774
0.0006573823728,laser0,200,174.239524,0.87119762
0.000657413453,laser0,200,174.7338482,0.8736692412
0.0006574434384,laser0,200,175.6736069,0.8783680344
0.0006574729548,laser0,200,174.7508781,0.8737543905
0.0006575022775,laser0,200,173.0830633,0.8654153166
0.0006575315973,laser0,200,174.0123936,0.8700619678
0.0006575614387,laser0,200,174.850278,0.8742513899
0.0006575911236,laser0,200,177.0403289,0.8852016443
0.0006576173018,laser0,200,177.1600634,0.8858003172
0.0006576426727,laser0,200,177.2939016,0.8864695078
0.0006576683828,laser0,200,176.0451882,0.8802259409
0.000657695048,laser0,200,177.5568544,0.8877842718
0.0006577230291,laser0,200,175.1298249,0.8756491246
0.0006577541234,laser0,200,174.7162803,0.8735814015
0.0006577887624,laser0,200,175.633814,0.87816907
0.0006578274783,laser0,200,178.6901146,0.8934505732
0.0006578708999,laser0,200,178.7585818,0.8937929089
0.0006579197792,laser0,200,180.4339609,0.9021698045
0.0006579746605,laser0,200,182.6218296,0.9131091478
0.0006580335342,laser0,200,180.6126215,0.9030631076
0.0006580912723,laser0,200,177.1324387,0.8856621935
0.0006581455533,laser0,200,180.9669636,0.9048348178
0.0006581980875,laser0,200,180.4761117,0.9023805586
0.0006582420262,laser0,200,180.7224851,0.9036124257
0.000658278494,laser0,200,180.7413639,0.9037068197
0.0006583108378,laser0,200,181.1991161,0.9059955805
0.0006583404247,laser0,200,182.6528702,0.9132643511
0.0006583680249,laser0,200,183.4366972,0.917183486
0.0006583929357,laser0,200,179.1094892,0.8955474458
0.0006584158421,laser0,200,181.5362623,0.9076813117
0.0006584373412,laser0,200,179.6799462,0.8983997311
0.0006584579115,laser0,200,179.3329825,0.8966649123
0.0006584779675,laser0,200,181.0857954,0.9054289771
0.0006584978613,laser0,200,179.2922756,0.8964613778
0.000658517861,laser0,200,178.6112353,0.8930561763
0.0006585381172,laser0,200,178.1065603,0.8905328013
0.0006585588135,laser0,200,178.6946376,0.8934731882
0.0006585801237,laser0,200,179.3813412,0.896906706
0.0006586022049,laser0,200,179.5383139,0.8976915697
0.0006586251124,laser0,200,178.4790918,0.8923954589
0.0006586488803,laser0,200,176.3905824,0.881952912
0.000658673443,laser0,200,174.8227087,0.8741135437
0.0006586988075,laser0,200,174.0173987,0.8700869934
0.0006587236349,laser0,200,172.3942752,0.8619713759
0.000658748248,laser0,200,171.5107756,0.8575538778
0.0006587730395,laser0,200,174.7228442,0.8736142212
0.000658798407,laser0,200,175.4867718,0.877433859
0.0006588247737,laser0,200,177.574303,0.8878715152
0.0006588525484,laser0,200,177.6979095,0.8884895474
0.0006588821597,laser0,200,178.2439745,0.8912198724
0.0006589140517,laser0,200,175.7931644,0.8789658221
0.0006589486639,laser0,200,180.5630397,0.9028151987
0.0006589868343,laser0,200,176.7244371,0.8836221853
0.0006590292727,laser0,200,175.3700236,0.876850118
0.0006590768396,laser0,200,177.0162247,0.8850811237
0.0006591252873,laser0,200,179.0532196,0.8952660982
0.0006591709133,laser0,200,179.500255,0.8975012751
0.0006592138614,laser0,200,180.3920646,0.9019603229
0.0006592533944,laser0,200,181.8812152,0.9094060759
0.000659287015,laser0,200,180.6296292,0.9031481458
0.0006593237304,laser0,200,178.8604365,0.8943021824
0.0006593645965,laser0,200,178.8375196,0.8941875979
0.0006594091887,laser0,200,177.72289,0.8886144499
0.0006594519607,laser0,200,177.9581626,0.8897908128
0.0006594924665,laser0,200,177.8977863,0.8894889315
0.0006595334173,laser0,200,179.2804226,0.8964021132
0.0006595736855,laser0,200,176.8755966,0.8843779831
0.0006596151714,laser0,200,176.0085284,0.8800426421
0.0006596588115,laser0,200,174.4269549,0.8721347744
0.0006597045306,laser0,200,174.3836477,0.8719182383
0.0006597508464,laser0,200,175.1721053,0.8758605265
0.0006597961153,laser0,200,177.9332491,0.8896662455
0.0006598401069,laser0,200,176.9941653,0.8849708266
0.0006598829846,laser0,200,178.4351789,0.8921758944
0.0006599250104,laser0,200,179.4744203,0.8973721014
0.0006599656612,laser0,200,176.8068823,0.8840344117
0.0006600044506,laser0,200,179.8447312,0.8992236562
0.0006600410939,laser0,200,179.5320844,0.8976604218
0.0006600758046,laser0,200,183.5404029,0.9177020147
0.0006601097657,laser0,200,183.3437587,0.9167187935
0.0006601438176,laser0,200,182.2622915,0.9113114574
0.00066017668,laser0,200,183.8428476,0.9192142382
0.0006602081992,laser0,200,183.9913427,0.9199567136
0.0006602389623,laser0,200,182.8590171,0.9142950853
0.0006602696599,laser0,200,182.93405,0.9146702502
0.0006603009197,laser0,200,182.6823243,0.9134116217
0.0006603316374,laser0,200,183.5467279,0.9177336396
0.0006603617488,laser0,200,184.1066447,0.9205332237
0.0006603914232,laser0,200,184.056413,0.9202820652
0.0006604195141,laser0,200,184.0501202,0.920250601
0.0006604462676,laser0,200,182.1137925,0.9105689623
0.0006604709259,laser0,200,183.0345225,0.9151726127
0.0006604938705,laser0,200,180.2163624,0.9010818121
0.0006605158297,laser0,200,179.6208155,0.8981040775
0.0006605372955,laser0,200,180.0755957,0.9003779785
0.0006605585054,laser0,200,180.8224954,0.9041124772
0.0006605796174,laser0,200,180.6696495,0.9033482477
0.0006606006795,laser0,200,180.603757,0.9030187849
0.0006606214675,laser0,200,178.025279,0.8901263951
0.0006606418552,laser0,200,179.5192228,0.897596114
0.000660661794,laser0,200,178.3536163,0.8917680815
0.0006606813481,laser0,200,175.6977252,0.8784886261
0.0006607006157,laser0,200,174.7695463,0.8738477316
0.0006607197438,laser0,200,174.7056493,0.8735282466
0.0006607388743,laser0,200,175.3066777,0.8765333886
0.0006607580026,laser0,200,177.2507536,0.8862537682
0.0006607772171,laser0,200,177.917548,0.8895877401
0.0006607966908,laser0,200,177.559602,0.8877980099
0.0006608164551,laser0,200,176.8884714,0.8844423572
0.0006608364544,laser0,200,179.5290039,0.8976450197
0.0006608568272,laser0,200,178.3432786,0.8917163929
0.0006608776512,laser0,200,178.9548871,0.8947744357
0.0006608989341,laser0,200,178.7417695,0.8937088476
0.0006609204959,laser0,200,177.3370873,0.8866854365
0.0006609422163,laser0,200,178.4658171,0.8923290857
0.0006609643225,laser0,200,180.1826497,0.9009132484
0.0006609870762,laser0,200,181.9564235,0.9097821174
0.0006610107877,laser0,200,183.9939874,0.9199699368
0.0006610343969,laser0,200,183.3640035,0.9168200173
0.0006610578059,laser0,200,183.2650282,0.9163251412
0.0006610816553,laser0,200,182.5087819,0.9125439094
0.0006611064999,laser0,200,181.9195743,0.9095978715
0.0006611315576,laser0,200,181.6378753,0.9081893763
0.0006611559857,laser0,200,182.1914999,0.9109574995
0.0006611788963,laser0,200,182.5787965,0.9128939824
0.0006612006359,laser0,200,182.831838,0.9141591902
0.0006612212937,laser0,200,183.1193969,0.9155969847
